<OBJECT>Exoplanet
<OBJECT-NAME>K2-18 b
<OBJECT-DATE>2024 00:00
<OBJECT-DIAMETER>33256
<OBJECT-GRAVITY>12.2
<OBJECT-GRAVITY-UNIT>g
<OBJECT-STAR-DISTANCE>0.1591
<OBJECT-STAR-VELOCITY>0
<OBJECT-SOLAR-LONGITUDE>0
<OBJECT-SOLAR-LATITUDE>0
<OBJECT-SEASON>180
<OBJECT-STAR-TYPE>M
<OBJECT-STAR-TEMPERATURE>3503
<OBJECT-STAR-RADIUS>	0.469
<OBJECT-OBS-LONGITUDE>0
<OBJECT-OBS-LATITUDE>0
<OBJECT-STAR-METALLICITY>0.123
<OBJECT-PERIOD>32.94
<OBJECT-PERIAPSIS>0
<OBJECT-OBS-VELOCITY>29.0
<OBJECT-INCLINATION>90.00
<OBJECT-ECCENTRICITY>0.0
<GEOMETRY>Observatory
<GEOMETRY-OFFSET-NS>0.0
<GEOMETRY-OFFSET-EW>0.0
<GEOMETRY-OFFSET-UNIT>arcsec
<GEOMETRY-OBS-ALTITUDE>38
<GEOMETRY-ALTITUDE-UNIT>pc
<GEOMETRY-USER-PARAM>0.0
<GEOMETRY-STELLAR-TYPE>G
<GEOMETRY-STELLAR-TEMPERATURE>3503
<GEOMETRY-STELLAR-MAGNITUDE>0
<GEOMETRY-SOLAR-ANGLE>90.000
<GEOMETRY-OBS-ANGLE>90
<GEOMETRY-PLANET-FRACTION>1.000e+00
<GEOMETRY-STAR-DISTANCE>0
<GEOMETRY-STAR-FRACTION>8.38086e-05
<GEOMETRY-PHASE>180
<GEOMETRY-REF>User
<GEOMETRY-DISK-ANGLES>1
<GEOMETRY-ROTATION>-0.00,0.00
<GEOMETRY-AZIMUTH>0.000
<GEOMETRY-BRDFSCALER>1.000
<GENERATOR-INSTRUMENT>JWST_NIRSpec-2700: JWST/NIRSpec is the infrared spectrometer onboard the James Webb Space Telescope. The high-resolution configuration (RP 2700) considers the maximum resolving power for each of the available instrument gratings/filters combinations (G140H+F070LP, G140H+F100LP, G235H+F170LP, G395H+F290LP). The three gratings cover the 1.0 to 5.3 um spectral region with an average resolving power of 2700.
<GENERATOR-RANGE1>1
<GENERATOR-RANGE2>5.3
<GENERATOR-RANGEUNIT>um
<GENERATOR-RESOLUTION>2700
<GENERATOR-RESOLUTIONUNIT>RP
<GENERATOR-TELESCOPE>SINGLE
<GENERATOR-DIAMTELE>5.64
<GENERATOR-BEAM>1
<GENERATOR-BEAM-UNIT>diffrac
<GENERATOR-TELESCOPE1>1
<GENERATOR-TELESCOPE2>2.0
<GENERATOR-TELESCOPE3>1.0
<GENERATOR-NOISE>CCD
<GENERATOR-NOISE1>16.8
<GENERATOR-NOISE2>0.005
<GENERATOR-NOISEOTEMP>50
<GENERATOR-NOISEOEFF>0.3
<GENERATOR-NOISEOEMIS>0.10
<GENERATOR-NOISETIME>60
<GENERATOR-NOISEFRAMES>53
<GENERATOR-NOISEPIXELS>8
<GENERATOR-TRANS-APPLY>N
<GENERATOR-TRANS-SHOW>N
<GENERATOR-LOGRAD>Y
<GENERATOR-GAS-MODEL>Y
<GENERATOR-CONT-MODEL>Y
<GENERATOR-CONT-STELLAR>Y
<GENERATOR-RADUNITS>rkm
<GENERATOR-RESOLUTIONKERNEL>N
<GENERATOR-TRANS>02-01
<ATMOSPHERE-DESCRIPTION>VULCAN
<ATMOSPHERE-STRUCTURE>Equilibrium
<ATMOSPHERE-PRESSURE>1
<ATMOSPHERE-PUNIT>bar
<ATMOSPHERE-TEMPERATURE>280
<ATMOSPHERE-WEIGHT>3.2
<ATMOSPHERE-LAYERS>250
<ATMOSPHERE-CONTINUUM>Rayleigh,Refraction,CIA_all,UV_all
<ATMOSPHERE-NGAS>8
<ATMOSPHERE-GAS>H2,H2O,CH4,CO2,N2,NH3,O2,O3,N2O
<ATMOSPHERE-TYPE>HIT[45],HIT[2],HIT[6],HIT[2],HIT[22],HIT[11],HIT[7],HIT[3],HIT[4]
<ATMOSPHERE-ABUN>1,1,1,1,1,1,1,1,1
<ATMOSPHERE-UNIT>scl,scl,scl,scl,scl,scl,scl,scl,scl
<ATMOSPHERE-LAYERS-MOLECULES>H2,H2O,CH4,CO2,N2,NH3,O2,O3,N2O
<ATMOSPHERE-NAERO>2
<ATMOSPHERE-AEROS>Water,WaterIce
<ATMOSPHERE-ATYPE>AFCRL_WATER_HRI[0.20um-0.03m],AFCRL_ICE_HRI[0.20um-0.03m]
<ATMOSPHERE-AABUN>1,1
<ATMOSPHERE-AUNIT>scl,scl
<ATMOSPHERE-ASIZE>5,100
<ATMOSPHERE-ASUNI>um,um
<ATMOSPHERE-LAYER-1>1.000E+00,3.200E+02,8.831E-01,9.755E-02,9.919E-03,7.804E-03,1.275E-04,9.210E-18,2.561E-31,4.933E-12
<ATMOSPHERE-LAYER-2>9.033E-01,3.167E+02,8.856E-01,9.503E-02,9.948E-03,7.775E-03,1.279E-04,1.570E-17,1.215E-31,4.947E-12
<ATMOSPHERE-LAYER-3>8.159E-01,3.138E+02,8.879E-01,9.268E-02,9.973E-03,7.794E-03,1.282E-04,2.222E-17,1.057E-31,4.960E-12
<ATMOSPHERE-LAYER-4>7.370E-01,3.113E+02,8.905E-01,8.999E-02,1.000E-02,7.817E-03,1.286E-04,2.826E-17,1.115E-31,4.974E-12
<ATMOSPHERE-LAYER-5>6.657E-01,3.087E+02,8.935E-01,8.698E-02,1.004E-02,7.842E-03,1.290E-04,3.436E-17,1.246E-31,4.991E-12
<ATMOSPHERE-LAYER-6>6.013E-01,3.061E+02,8.967E-01,8.366E-02,1.007E-02,7.870E-03,1.295E-04,4.062E-17,1.447E-31,5.009E-12
<ATMOSPHERE-LAYER-7>5.432E-01,3.036E+02,9.000E-01,8.033E-02,1.011E-02,7.898E-03,1.300E-04,4.722E-17,1.759E-31,5.027E-12
<ATMOSPHERE-LAYER-8>4.906E-01,3.008E+02,9.037E-01,7.656E-02,1.015E-02,7.930E-03,1.305E-04,5.409E-17,2.176E-31,5.048E-12
<ATMOSPHERE-LAYER-9>4.432E-01,2.983E+02,9.072E-01,7.293E-02,1.019E-02,7.960E-03,1.310E-04,6.125E-17,2.785E-31,5.068E-12
<ATMOSPHERE-LAYER-10>4.003E-01,2.955E+02,9.111E-01,6.895E-02,1.023E-02,7.994E-03,1.316E-04,6.876E-17,3.623E-31,5.089E-12
<ATMOSPHERE-LAYER-11>3.616E-01,2.929E+02,9.147E-01,6.525E-02,1.027E-02,8.025E-03,1.321E-04,7.664E-17,4.827E-31,5.110E-12
<ATMOSPHERE-LAYER-12>3.266E-01,2.904E+02,9.180E-01,6.188E-02,1.031E-02,8.053E-03,1.326E-04,8.494E-17,6.604E-31,5.128E-12
<ATMOSPHERE-LAYER-13>2.950E-01,2.881E+02,9.211E-01,5.874E-02,1.035E-02,8.080E-03,1.330E-04,9.373E-17,9.106E-31,5.145E-12
<ATMOSPHERE-LAYER-14>2.665E-01,2.856E+02,9.245E-01,5.529E-02,1.038E-02,8.109E-03,1.335E-04,1.030E-16,1.277E-30,5.164E-12
<ATMOSPHERE-LAYER-15>2.407E-01,2.827E+02,9.282E-01,5.149E-02,1.043E-02,8.141E-03,1.340E-04,1.127E-16,1.787E-30,5.185E-12
<ATMOSPHERE-LAYER-16>2.174E-01,2.801E+02,9.317E-01,4.796E-02,1.046E-02,8.170E-03,1.345E-04,1.228E-16,2.551E-30,5.204E-12
<ATMOSPHERE-LAYER-17>1.964E-01,2.777E+02,9.348E-01,4.479E-02,1.050E-02,8.197E-03,1.350E-04,1.332E-16,3.705E-30,5.221E-12
<ATMOSPHERE-LAYER-18>1.774E-01,2.754E+02,9.377E-01,4.182E-02,1.053E-02,8.222E-03,1.354E-04,1.437E-16,5.444E-30,5.237E-12
<ATMOSPHERE-LAYER-19>1.603E-01,2.729E+02,9.407E-01,3.869E-02,1.057E-02,8.248E-03,1.358E-04,1.541E-16,8.425E-30,5.254E-12
<ATMOSPHERE-LAYER-20>1.448E-01,2.705E+02,9.440E-01,3.537E-02,1.060E-02,8.276E-03,1.363E-04,1.644E-16,1.636E-29,5.273E-12
<ATMOSPHERE-LAYER-21>1.308E-01,2.680E+02,9.474E-01,3.191E-02,1.064E-02,8.305E-03,1.368E-04,1.741E-16,5.492E-29,5.291E-12
<ATMOSPHERE-LAYER-22>1.181E-01,2.656E+02,9.505E-01,2.868E-02,1.068E-02,8.332E-03,1.372E-04,1.831E-16,3.071E-28,5.309E-12
<ATMOSPHERE-LAYER-23>1.067E-01,2.630E+02,9.536E-01,2.551E-02,1.071E-02,8.359E-03,1.377E-04,1.912E-16,2.028E-27,5.326E-12
<ATMOSPHERE-LAYER-24>9.637E-02,2.606E+02,9.565E-01,2.262E-02,1.074E-02,8.383E-03,1.381E-04,1.981E-16,1.348E-26,5.342E-12
<ATMOSPHERE-LAYER-25>8.705E-02,2.580E+02,9.592E-01,1.984E-02,1.077E-02,8.406E-03,1.385E-04,2.038E-16,8.619E-26,5.357E-12
<ATMOSPHERE-LAYER-26>7.863E-02,2.555E+02,9.616E-01,1.733E-02,1.080E-02,8.427E-03,1.388E-04,2.081E-16,5.251E-25,5.371E-12
<ATMOSPHERE-LAYER-27>7.102E-02,2.528E+02,9.640E-01,1.490E-02,1.083E-02,8.448E-03,1.392E-04,2.113E-16,3.005E-24,5.384E-12
<ATMOSPHERE-LAYER-28>6.415E-02,2.501E+02,9.664E-01,1.249E-02,1.085E-02,8.468E-03,1.395E-04,2.135E-16,1.581E-23,5.397E-12
<ATMOSPHERE-LAYER-29>5.795E-02,2.464E+02,9.689E-01,9.937E-03,1.088E-02,8.489E-03,1.399E-04,2.150E-16,7.476E-23,5.411E-12
<ATMOSPHERE-LAYER-30>5.235E-02,2.428E+02,9.711E-01,7.711E-03,1.091E-02,8.508E-03,1.402E-04,2.158E-16,3.110E-22,5.423E-12
<ATMOSPHERE-LAYER-31>4.728E-02,2.391E+02,9.729E-01,5.825E-03,1.093E-02,8.523E-03,1.405E-04,2.161E-16,1.141E-21,5.433E-12
<ATMOSPHERE-LAYER-32>4.271E-02,2.352E+02,9.745E-01,4.238E-03,1.094E-02,8.536E-03,1.407E-04,2.161E-16,3.727E-21,5.441E-12
<ATMOSPHERE-LAYER-33>3.858E-02,2.306E+02,9.757E-01,2.928E-03,1.096E-02,8.547E-03,1.409E-04,2.159E-16,1.088E-20,5.448E-12
<ATMOSPHERE-LAYER-34>3.485E-02,2.261E+02,9.767E-01,1.975E-03,1.097E-02,8.554E-03,1.410E-04,2.154E-16,2.789E-20,5.453E-12
<ATMOSPHERE-LAYER-35>3.148E-02,2.216E+02,9.773E-01,1.327E-03,1.098E-02,8.559E-03,1.411E-04,2.147E-16,6.248E-20,5.456E-12
<ATMOSPHERE-LAYER-36>2.843E-02,2.182E+02,9.777E-01,9.489E-04,1.098E-02,8.562E-03,1.411E-04,2.140E-16,1.202E-19,5.458E-12
<ATMOSPHERE-LAYER-37>2.568E-02,2.163E+02,9.779E-01,7.591E-04,1.098E-02,8.563E-03,1.412E-04,2.132E-16,2.011E-19,5.459E-12
<ATMOSPHERE-LAYER-38>2.320E-02,2.150E+02,9.780E-01,6.736E-04,1.098E-02,8.563E-03,1.412E-04,2.123E-16,3.035E-19,5.459E-12
<ATMOSPHERE-LAYER-39>2.095E-02,2.150E+02,9.780E-01,6.494E-04,1.098E-02,8.563E-03,1.412E-04,2.113E-16,4.221E-19,5.459E-12
<ATMOSPHERE-LAYER-40>1.893E-02,2.150E+02,9.780E-01,6.358E-04,1.098E-02,8.562E-03,1.412E-04,2.103E-16,5.683E-19,5.459E-12
<ATMOSPHERE-LAYER-41>1.710E-02,2.150E+02,9.780E-01,6.281E-04,1.098E-02,8.561E-03,1.411E-04,2.092E-16,7.521E-19,5.458E-12
<ATMOSPHERE-LAYER-42>1.544E-02,2.150E+02,9.780E-01,6.238E-04,1.098E-02,8.560E-03,1.411E-04,2.081E-16,9.853E-19,5.458E-12
<ATMOSPHERE-LAYER-43>1.395E-02,2.150E+02,9.780E-01,6.212E-04,1.098E-02,8.560E-03,1.411E-04,2.068E-16,1.283E-18,5.457E-12
<ATMOSPHERE-LAYER-44>1.260E-02,2.150E+02,9.780E-01,6.197E-04,1.098E-02,8.559E-03,1.411E-04,2.056E-16,1.667E-18,5.457E-12
<ATMOSPHERE-LAYER-45>1.138E-02,2.150E+02,9.780E-01,6.187E-04,1.098E-02,8.557E-03,1.411E-04,2.045E-16,2.166E-18,5.456E-12
<ATMOSPHERE-LAYER-46>1.028E-02,2.150E+02,9.780E-01,6.179E-04,1.098E-02,8.556E-03,1.411E-04,2.032E-16,2.820E-18,5.456E-12
<ATMOSPHERE-LAYER-47>9.287E-03,2.150E+02,9.780E-01,6.173E-04,1.098E-02,8.555E-03,1.411E-04,2.018E-16,3.686E-18,5.455E-12
<ATMOSPHERE-LAYER-48>8.389E-03,2.150E+02,9.780E-01,6.168E-04,1.098E-02,8.554E-03,1.411E-04,2.005E-16,4.842E-18,5.454E-12
<ATMOSPHERE-LAYER-49>7.577E-03,2.150E+02,9.780E-01,6.163E-04,1.098E-02,8.552E-03,1.411E-04,1.990E-16,6.395E-18,5.453E-12
<ATMOSPHERE-LAYER-50>6.844E-03,2.150E+02,9.780E-01,6.159E-04,1.098E-02,8.550E-03,1.410E-04,1.976E-16,8.489E-18,5.452E-12
<ATMOSPHERE-LAYER-51>6.183E-03,2.150E+02,9.780E-01,6.154E-04,1.098E-02,8.549E-03,1.410E-04,1.962E-16,1.132E-17,5.451E-12
<ATMOSPHERE-LAYER-52>5.585E-03,2.150E+02,9.780E-01,6.150E-04,1.098E-02,8.547E-03,1.410E-04,1.949E-16,1.514E-17,5.450E-12
<ATMOSPHERE-LAYER-53>5.044E-03,2.150E+02,9.780E-01,6.146E-04,1.098E-02,8.544E-03,1.410E-04,1.935E-16,2.029E-17,5.448E-12
<ATMOSPHERE-LAYER-54>4.557E-03,2.150E+02,9.780E-01,6.143E-04,1.097E-02,8.542E-03,1.410E-04,1.923E-16,2.722E-17,5.447E-12
<ATMOSPHERE-LAYER-55>4.116E-03,2.150E+02,9.780E-01,6.139E-04,1.097E-02,8.539E-03,1.409E-04,1.912E-16,3.650E-17,5.445E-12
<ATMOSPHERE-LAYER-56>3.718E-03,2.150E+02,9.781E-01,6.136E-04,1.097E-02,8.536E-03,1.409E-04,1.902E-16,4.867E-17,5.443E-12
<ATMOSPHERE-LAYER-57>3.358E-03,2.150E+02,9.781E-01,6.133E-04,1.097E-02,8.533E-03,1.409E-04,1.894E-16,6.499E-17,5.441E-12
<ATMOSPHERE-LAYER-58>3.033E-03,2.150E+02,9.781E-01,6.130E-04,1.097E-02,8.529E-03,1.408E-04,1.888E-16,8.711E-17,5.439E-12
<ATMOSPHERE-LAYER-59>2.740E-03,2.150E+02,9.781E-01,6.128E-04,1.097E-02,8.525E-03,1.408E-04,1.885E-16,1.164E-16,5.436E-12
<ATMOSPHERE-LAYER-60>2.475E-03,2.150E+02,9.781E-01,6.125E-04,1.096E-02,8.521E-03,1.408E-04,1.885E-16,1.549E-16,5.434E-12
<ATMOSPHERE-LAYER-61>2.236E-03,2.150E+02,9.781E-01,6.123E-04,1.096E-02,8.516E-03,1.407E-04,1.889E-16,2.060E-16,5.431E-12
<ATMOSPHERE-LAYER-62>2.019E-03,2.150E+02,9.781E-01,6.121E-04,1.096E-02,8.511E-03,1.406E-04,1.897E-16,2.740E-16,5.427E-12
<ATMOSPHERE-LAYER-63>1.824E-03,2.150E+02,9.781E-01,6.118E-04,1.096E-02,8.505E-03,1.406E-04,1.911E-16,3.642E-16,5.423E-12
<ATMOSPHERE-LAYER-64>1.648E-03,2.150E+02,9.781E-01,6.116E-04,1.095E-02,8.498E-03,1.405E-04,1.930E-16,4.842E-16,5.419E-12
<ATMOSPHERE-LAYER-65>1.488E-03,2.150E+02,9.781E-01,6.115E-04,1.095E-02,8.491E-03,1.404E-04,1.956E-16,6.444E-16,5.415E-12
<ATMOSPHERE-LAYER-66>1.344E-03,2.150E+02,9.781E-01,6.113E-04,1.095E-02,8.483E-03,1.404E-04,1.989E-16,8.581E-16,5.409E-12
<ATMOSPHERE-LAYER-67>1.214E-03,2.150E+02,9.781E-01,6.111E-04,1.094E-02,8.474E-03,1.403E-04,2.031E-16,1.144E-15,5.404E-12
<ATMOSPHERE-LAYER-68>1.097E-03,2.150E+02,9.782E-01,6.110E-04,1.094E-02,8.464E-03,1.402E-04,2.081E-16,1.527E-15,5.398E-12
<ATMOSPHERE-LAYER-69>9.908E-04,2.150E+02,9.782E-01,6.108E-04,1.093E-02,8.454E-03,1.401E-04,2.141E-16,2.041E-15,5.391E-12
<ATMOSPHERE-LAYER-70>8.950E-04,2.150E+02,9.782E-01,6.107E-04,1.093E-02,8.442E-03,1.399E-04,2.211E-16,2.732E-15,5.383E-12
<ATMOSPHERE-LAYER-71>8.084E-04,2.150E+02,9.782E-01,6.106E-04,1.092E-02,8.429E-03,1.398E-04,2.293E-16,3.661E-15,5.375E-12
<ATMOSPHERE-LAYER-72>7.302E-04,2.150E+02,9.782E-01,6.105E-04,1.092E-02,8.414E-03,1.396E-04,2.387E-16,4.911E-15,5.365E-12
<ATMOSPHERE-LAYER-73>6.596E-04,2.150E+02,9.783E-01,6.103E-04,1.091E-02,8.398E-03,1.395E-04,2.494E-16,6.592E-15,5.355E-12
<ATMOSPHERE-LAYER-74>5.958E-04,2.150E+02,9.783E-01,6.102E-04,1.090E-02,8.380E-03,1.393E-04,2.616E-16,8.853E-15,5.344E-12
<ATMOSPHERE-LAYER-75>5.382E-04,2.150E+02,9.783E-01,6.102E-04,1.089E-02,8.361E-03,1.391E-04,2.752E-16,1.189E-14,5.331E-12
<ATMOSPHERE-LAYER-76>4.861E-04,2.150E+02,9.783E-01,6.101E-04,1.088E-02,8.339E-03,1.389E-04,2.905E-16,1.596E-14,5.317E-12
<ATMOSPHERE-LAYER-77>4.391E-04,2.150E+02,9.784E-01,6.100E-04,1.087E-02,8.315E-03,1.386E-04,3.076E-16,2.142E-14,5.302E-12
<ATMOSPHERE-LAYER-78>3.966E-04,2.150E+02,9.784E-01,6.099E-04,1.086E-02,8.289E-03,1.383E-04,3.267E-16,2.871E-14,5.285E-12
<ATMOSPHERE-LAYER-79>3.583E-04,2.150E+02,9.785E-01,6.098E-04,1.084E-02,8.260E-03,1.380E-04,3.481E-16,3.841E-14,5.266E-12
<ATMOSPHERE-LAYER-80>3.236E-04,2.150E+02,9.785E-01,6.098E-04,1.083E-02,8.228E-03,1.377E-04,3.720E-16,5.128E-14,5.246E-12
<ATMOSPHERE-LAYER-81>2.923E-04,2.150E+02,9.786E-01,6.097E-04,1.081E-02,8.192E-03,1.373E-04,3.987E-16,6.830E-14,5.223E-12
<ATMOSPHERE-LAYER-82>2.641E-04,2.150E+02,9.786E-01,6.097E-04,1.079E-02,8.153E-03,1.369E-04,4.288E-16,9.070E-14,5.198E-12
<ATMOSPHERE-LAYER-83>2.385E-04,2.150E+02,9.787E-01,6.096E-04,1.077E-02,8.111E-03,1.365E-04,4.629E-16,1.200E-13,5.170E-12
<ATMOSPHERE-LAYER-84>2.154E-04,2.150E+02,9.788E-01,6.096E-04,1.075E-02,8.063E-03,1.360E-04,5.015E-16,1.583E-13,5.140E-12
<ATMOSPHERE-LAYER-85>1.946E-04,2.150E+02,9.788E-01,6.095E-04,1.073E-02,8.011E-03,1.354E-04,5.458E-16,2.079E-13,5.107E-12
<ATMOSPHERE-LAYER-86>1.758E-04,2.150E+02,9.789E-01,6.095E-04,1.070E-02,7.954E-03,1.348E-04,5.967E-16,2.719E-13,5.070E-12
<ATMOSPHERE-LAYER-87>1.588E-04,2.150E+02,9.790E-01,6.094E-04,1.067E-02,7.891E-03,1.341E-04,6.558E-16,3.540E-13,5.029E-12
<ATMOSPHERE-LAYER-88>1.434E-04,2.150E+02,9.791E-01,6.094E-04,1.063E-02,7.822E-03,1.334E-04,7.249E-16,4.589E-13,4.985E-12
<ATMOSPHERE-LAYER-89>1.296E-04,2.150E+02,9.792E-01,6.094E-04,1.060E-02,7.746E-03,1.326E-04,8.061E-16,5.925E-13,4.936E-12
<ATMOSPHERE-LAYER-90>1.170E-04,2.150E+02,9.794E-01,6.093E-04,1.056E-02,7.663E-03,1.317E-04,9.025E-16,7.620E-13,4.883E-12
<ATMOSPHERE-LAYER-91>1.057E-04,2.150E+02,9.795E-01,6.093E-04,1.051E-02,7.572E-03,1.307E-04,1.018E-15,9.770E-13,4.824E-12
<ATMOSPHERE-LAYER-92>9.548E-05,2.150E+02,9.796E-01,6.093E-04,1.046E-02,7.472E-03,1.296E-04,1.156E-15,1.250E-12,4.760E-12
<ATMOSPHERE-LAYER-93>8.625E-05,2.150E+02,9.798E-01,6.092E-04,1.041E-02,7.363E-03,1.284E-04,1.323E-15,1.598E-12,4.690E-12
<ATMOSPHERE-LAYER-94>7.791E-05,2.150E+02,9.800E-01,6.092E-04,1.034E-02,7.244E-03,1.271E-04,1.527E-15,2.045E-12,4.613E-12
<ATMOSPHERE-LAYER-95>7.037E-05,2.150E+02,9.802E-01,6.092E-04,1.028E-02,7.114E-03,1.257E-04,1.776E-15,2.626E-12,4.530E-12
<ATMOSPHERE-LAYER-96>6.356E-05,2.150E+02,9.804E-01,6.091E-04,1.020E-02,6.973E-03,1.241E-04,2.083E-15,3.393E-12,4.439E-12
<ATMOSPHERE-LAYER-97>5.742E-05,2.150E+02,9.806E-01,6.091E-04,1.012E-02,6.820E-03,1.224E-04,2.462E-15,4.424E-12,4.341E-12
<ATMOSPHERE-LAYER-98>5.186E-05,2.150E+02,9.809E-01,6.091E-04,1.003E-02,6.655E-03,1.205E-04,2.933E-15,5.839E-12,4.234E-12
<ATMOSPHERE-LAYER-99>4.685E-05,2.150E+02,9.812E-01,6.091E-04,9.935E-03,6.475E-03,1.184E-04,3.520E-15,7.822E-12,4.119E-12
<ATMOSPHERE-LAYER-100>4.232E-05,2.150E+02,9.815E-01,6.090E-04,9.827E-03,6.282E-03,1.162E-04,4.256E-15,1.065E-11,3.994E-12
<ATMOSPHERE-LAYER-101>3.822E-05,2.150E+02,9.818E-01,6.090E-04,9.709E-03,6.075E-03,1.137E-04,5.182E-15,1.476E-11,3.861E-12
<ATMOSPHERE-LAYER-102>3.453E-05,2.150E+02,9.822E-01,6.089E-04,9.579E-03,5.853E-03,1.111E-04,6.352E-15,2.079E-11,3.718E-12
<ATMOSPHERE-LAYER-103>3.119E-05,2.150E+02,9.825E-01,6.089E-04,9.436E-03,5.615E-03,1.082E-04,7.840E-15,2.975E-11,3.565E-12
<ATMOSPHERE-LAYER-104>2.817E-05,2.150E+02,9.830E-01,6.089E-04,9.281E-03,5.364E-03,1.051E-04,9.738E-15,4.320E-11,3.403E-12
<ATMOSPHERE-LAYER-105>2.545E-05,2.150E+02,9.834E-01,6.088E-04,9.111E-03,5.097E-03,1.018E-04,1.218E-14,6.352E-11,3.232E-12
<ATMOSPHERE-LAYER-106>2.299E-05,2.150E+02,9.839E-01,6.088E-04,8.925E-03,4.817E-03,9.821E-05,1.532E-14,9.447E-11,3.051E-12
<ATMOSPHERE-LAYER-107>2.076E-05,2.150E+02,9.844E-01,6.087E-04,8.723E-03,4.524E-03,9.438E-05,1.940E-14,1.420E-10,2.863E-12
<ATMOSPHERE-LAYER-108>1.875E-05,2.150E+02,9.849E-01,6.086E-04,8.504E-03,4.220E-03,9.031E-05,2.473E-14,2.157E-10,2.667E-12
<ATMOSPHERE-LAYER-109>1.694E-05,2.150E+02,9.854E-01,6.086E-04,8.267E-03,3.907E-03,8.598E-05,3.173E-14,3.310E-10,2.465E-12
<ATMOSPHERE-LAYER-110>1.530E-05,2.150E+02,9.860E-01,6.085E-04,8.010E-03,3.586E-03,8.142E-05,4.094E-14,5.136E-10,2.259E-12
<ATMOSPHERE-LAYER-111>1.382E-05,2.150E+02,9.866E-01,6.084E-04,7.735E-03,3.262E-03,7.664E-05,5.313E-14,8.059E-10,2.050E-12
<ATMOSPHERE-LAYER-112>1.248E-05,2.150E+02,9.873E-01,6.083E-04,7.439E-03,2.936E-03,7.166E-05,6.927E-14,1.279E-09,1.841E-12
<ATMOSPHERE-LAYER-113>1.128E-05,2.150E+02,9.879E-01,6.082E-04,7.123E-03,2.614E-03,6.651E-05,9.065E-14,2.052E-09,1.633E-12
<ATMOSPHERE-LAYER-114>1.019E-05,2.150E+02,9.886E-01,6.081E-04,6.787E-03,2.298E-03,6.123E-05,1.189E-13,3.321E-09,1.430E-12
<ATMOSPHERE-LAYER-115>9.201E-06,2.150E+02,9.892E-01,6.080E-04,6.433E-03,1.994E-03,5.586E-05,1.561E-13,5.412E-09,1.234E-12
<ATMOSPHERE-LAYER-116>8.311E-06,2.150E+02,9.899E-01,6.080E-04,6.060E-03,1.705E-03,5.047E-05,2.047E-13,8.856E-09,1.049E-12
<ATMOSPHERE-LAYER-117>7.508E-06,2.150E+02,9.905E-01,6.081E-04,5.671E-03,1.436E-03,4.510E-05,2.674E-13,1.451E-08,8.754E-13
<ATMOSPHERE-LAYER-118>6.781E-06,2.150E+02,9.912E-01,6.084E-04,5.269E-03,1.189E-03,3.982E-05,3.472E-13,2.372E-08,7.169E-13
<ATMOSPHERE-LAYER-119>6.126E-06,2.150E+02,9.918E-01,6.090E-04,4.854E-03,9.687E-04,3.472E-05,4.469E-13,3.864E-08,5.749E-13
<ATMOSPHERE-LAYER-120>5.533E-06,2.150E+02,9.924E-01,6.101E-04,4.433E-03,7.754E-04,2.984E-05,5.682E-13,6.257E-08,4.506E-13
<ATMOSPHERE-LAYER-121>4.998E-06,2.150E+02,9.930E-01,6.119E-04,4.007E-03,6.103E-04,2.525E-05,7.107E-13,1.006E-07,3.445E-13
<ATMOSPHERE-LAYER-122>4.515E-06,2.150E+02,9.936E-01,6.148E-04,3.582E-03,4.732E-04,2.102E-05,8.715E-13,1.608E-07,2.563E-13
<ATMOSPHERE-LAYER-123>4.078E-06,2.150E+02,9.941E-01,6.193E-04,3.163E-03,3.625E-04,1.719E-05,1.046E-12,2.551E-07,1.853E-13
<ATMOSPHERE-LAYER-124>3.684E-06,2.150E+02,9.945E-01,6.258E-04,2.754E-03,2.759E-04,1.379E-05,1.229E-12,4.028E-07,1.298E-13
<ATMOSPHERE-LAYER-125>3.327E-06,2.150E+02,9.949E-01,6.348E-04,2.359E-03,2.104E-04,1.084E-05,1.420E-12,6.338E-07,8.785E-14
<ATMOSPHERE-LAYER-126>3.005E-06,2.150E+02,9.952E-01,6.466E-04,1.985E-03,1.626E-04,8.334E-06,1.618E-12,9.962E-07,5.735E-14
<ATMOSPHERE-LAYER-127>2.715E-06,2.150E+02,9.954E-01,6.613E-04,1.634E-03,1.288E-04,6.259E-06,1.834E-12,1.569E-06,3.600E-14
<ATMOSPHERE-LAYER-128>2.452E-06,2.150E+02,9.956E-01,6.784E-04,1.310E-03,1.058E-04,4.584E-06,2.079E-12,2.483E-06,2.168E-14
<ATMOSPHERE-LAYER-129>2.215E-06,2.150E+02,9.956E-01,6.968E-04,1.016E-03,9.052E-05,3.271E-06,2.342E-12,3.965E-06,1.248E-14
<ATMOSPHERE-LAYER-130>2.001E-06,2.150E+02,9.954E-01,7.146E-04,7.530E-04,8.047E-05,2.269E-06,2.576E-12,6.426E-06,6.855E-15
<ATMOSPHERE-LAYER-131>1.807E-06,2.150E+02,9.951E-01,7.295E-04,5.236E-04,7.370E-05,1.529E-06,2.741E-12,1.063E-05,3.579E-15
<ATMOSPHERE-LAYER-132>1.632E-06,2.150E+02,9.944E-01,7.384E-04,3.297E-04,6.862E-05,9.989E-07,2.765E-12,1.804E-05,1.770E-15
<ATMOSPHERE-LAYER-133>1.475E-06,2.150E+02,9.934E-01,7.380E-04,1.763E-04,6.353E-05,6.318E-07,2.530E-12,3.159E-05,8.270E-16
<ATMOSPHERE-LAYER-134>1.332E-06,2.150E+02,9.918E-01,7.242E-04,7.112E-05,5.602E-05,3.863E-07,1.929E-12,5.701E-05,3.636E-16
<ATMOSPHERE-LAYER-135>1.203E-06,2.150E+02,9.897E-01,6.928E-04,2.035E-05,4.388E-05,2.280E-07,1.060E-12,1.016E-04,1.499E-16
<ATMOSPHERE-LAYER-136>1.087E-06,2.150E+02,9.872E-01,6.404E-04,4.355E-06,2.895E-05,1.297E-07,3.770E-13,1.539E-04,5.775E-17
<ATMOSPHERE-LAYER-137>9.817E-07,2.150E+02,9.846E-01,5.666E-04,7.123E-07,1.587E-05,7.111E-08,8.702E-14,1.994E-04,2.070E-17
<ATMOSPHERE-LAYER-138>8.867E-07,2.150E+02,9.822E-01,4.770E-04,9.197E-08,7.326E-06,3.750E-08,1.508E-14,2.293E-04,6.882E-18
<ATMOSPHERE-LAYER-139>8.010E-07,2.150E+02,9.805E-01,3.803E-04,9.802E-09,2.912E-06,1.901E-08,2.248E-15,2.373E-04,2.113E-18
<ATMOSPHERE-LAYER-140>7.235E-07,2.150E+02,9.796E-01,2.863E-04,9.067E-10,1.017E-06,9.261E-09,3.164E-16,2.212E-04,5.967E-19
<ATMOSPHERE-LAYER-141>6.535E-07,2.150E+02,9.794E-01,2.033E-04,7.642E-11,3.168E-07,4.333E-09,4.529E-17,1.855E-04,1.544E-19
<ATMOSPHERE-LAYER-142>5.903E-07,2.150E+02,9.797E-01,1.362E-04,6.123E-12,8.882E-08,1.946E-09,6.945E-18,1.400E-04,3.642E-20
<ATMOSPHERE-LAYER-143>5.332E-07,2.150E+02,9.802E-01,8.640E-05,4.827E-13,2.254E-08,8.387E-10,1.156E-18,9.541E-05,7.803E-21
<ATMOSPHERE-LAYER-144>4.816E-07,2.150E+02,9.808E-01,5.215E-05,3.871E-14,5.197E-09,3.470E-10,2.060E-19,5.906E-05,1.511E-21
<ATMOSPHERE-LAYER-145>4.351E-07,2.150E+02,9.812E-01,3.019E-05,3.420E-15,1.092E-09,1.379E-10,3.846E-20,3.342E-05,2.633E-22
<ATMOSPHERE-LAYER-146>3.930E-07,2.150E+02,9.815E-01,1.690E-05,4.888E-16,2.103E-10,5.262E-11,7.457E-21,1.740E-05,4.105E-23
<ATMOSPHERE-LAYER-147>3.550E-07,2.150E+02,9.815E-01,9.230E-06,2.101E-16,3.727E-11,1.930E-11,1.507E-21,8.368E-06,5.696E-24
<ATMOSPHERE-LAYER-148>3.206E-07,2.150E+02,9.814E-01,4.962E-06,1.652E-16,6.130E-12,6.812E-12,3.242E-22,3.733E-06,6.984E-25
<ATMOSPHERE-LAYER-149>2.896E-07,2.150E+02,9.810E-01,2.642E-06,1.420E-16,9.435E-13,2.314E-12,7.809E-23,1.548E-06,7.507E-26
<ATMOSPHERE-LAYER-150>2.616E-07,2.150E+02,9.805E-01,1.399E-06,1.196E-16,1.372E-13,7.574E-13,2.299E-23,5.991E-07,7.008E-27
<ATMOSPHERE-LAYER-151>2.363E-07,2.150E+02,9.798E-01,7.387E-07,9.643E-17,1.903E-14,2.390E-13,9.041E-24,2.172E-07,5.617E-28
<ATMOSPHERE-LAYER-152>2.135E-07,2.150E+02,9.789E-01,3.888E-07,7.370E-17,2.535E-15,7.284E-14,4.722E-24,7.413E-08,3.811E-29
<ATMOSPHERE-LAYER-153>1.928E-07,2.150E+02,9.780E-01,2.038E-07,5.309E-17,3.258E-16,2.145E-14,2.966E-24,2.394E-08,2.149E-30
<ATMOSPHERE-LAYER-154>1.742E-07,2.150E+02,9.768E-01,1.062E-07,3.597E-17,4.050E-17,6.114E-15,2.034E-24,7.350E-09,9.832E-32
<ATMOSPHERE-LAYER-155>1.573E-07,2.150E+02,9.756E-01,5.494E-08,2.293E-17,4.868E-18,1.688E-15,1.429E-24,2.154E-09,3.528E-33
<ATMOSPHERE-LAYER-156>1.421E-07,2.150E+02,9.742E-01,2.815E-08,1.379E-17,5.652E-19,4.522E-16,9.886E-25,6.043E-10,9.431E-35
<ATMOSPHERE-LAYER-157>1.284E-07,2.150E+02,9.727E-01,1.427E-08,7.850E-18,6.332E-20,1.176E-16,6.531E-25,1.629E-10,1.722E-36
<ATMOSPHERE-LAYER-158>1.159E-07,2.150E+02,9.711E-01,7.144E-09,4.256E-18,6.841E-21,2.977E-17,4.050E-25,4.226E-11,1.795E-38
<ATMOSPHERE-LAYER-159>1.047E-07,2.150E+02,9.694E-01,3.531E-09,2.214E-18,7.129E-22,7.335E-18,2.347E-25,1.058E-11,5.681E-41
<ATMOSPHERE-LAYER-160>9.460E-08,2.150E+02,9.675E-01,1.722E-09,1.114E-18,7.169E-23,1.762E-18,1.278E-25,2.562E-12,0.000E+00
<ATMOSPHERE-LAYER-161>8.545E-08,2.150E+02,9.655E-01,8.291E-10,5.462E-19,6.966E-24,4.133E-19,6.596E-26,6.010E-13,2.070E-45
<ATMOSPHERE-LAYER-162>7.719E-08,2.150E+02,9.634E-01,3.939E-10,2.625E-19,6.547E-25,9.475E-20,3.262E-26,1.368E-13,0.000E+00
<ATMOSPHERE-LAYER-163>6.972E-08,2.150E+02,9.612E-01,1.848E-10,1.241E-19,5.959E-26,2.125E-20,1.559E-26,3.029E-14,1.117E-48
<ATMOSPHERE-LAYER-164>6.298E-08,2.150E+02,9.588E-01,8.561E-11,5.788E-20,5.254E-27,4.669E-21,7.248E-27,6.530E-15,2.088E-50
<ATMOSPHERE-LAYER-165>5.689E-08,2.150E+02,9.563E-01,3.920E-11,2.662E-20,4.479E-28,1.006E-21,3.297E-27,1.373E-15,3.486E-51
<ATMOSPHERE-LAYER-166>5.139E-08,2.150E+02,9.536E-01,1.775E-11,1.208E-20,3.660E-29,2.127E-22,1.474E-27,2.822E-16,2.209E-52
<ATMOSPHERE-LAYER-167>4.642E-08,2.150E+02,9.509E-01,7.948E-12,5.403E-21,2.646E-30,4.416E-23,6.488E-28,5.675E-17,1.944E-53
<ATMOSPHERE-LAYER-168>4.193E-08,2.150E+02,9.479E-01,3.523E-12,2.386E-21,8.725E-32,9.015E-24,2.821E-28,1.118E-17,1.422E-54
<ATMOSPHERE-LAYER-169>3.787E-08,2.150E+02,9.448E-01,1.546E-12,1.039E-21,0.000E+00,1.810E-24,1.213E-28,2.160E-18,1.112E-55
<ATMOSPHERE-LAYER-170>3.421E-08,2.150E+02,9.415E-01,6.722E-13,4.573E-22,0.000E+00,3.579E-25,5.170E-29,4.099E-19,8.092E-57
<ATMOSPHERE-LAYER-171>3.090E-08,2.150E+02,9.381E-01,2.896E-13,2.057E-22,0.000E+00,6.968E-26,2.185E-29,7.646E-20,5.974E-58
<ATMOSPHERE-LAYER-172>2.791E-08,2.150E+02,9.345E-01,1.237E-13,9.636E-23,0.000E+00,1.337E-26,9.163E-30,1.403E-20,4.227E-59
<ATMOSPHERE-LAYER-173>2.521E-08,2.150E+02,9.307E-01,5.242E-14,4.956E-23,0.000E+00,2.529E-27,3.817E-30,2.537E-21,2.993E-60
<ATMOSPHERE-LAYER-174>2.277E-08,2.150E+02,9.267E-01,2.203E-14,2.766E-23,0.000E+00,4.716E-28,1.580E-30,4.519E-22,2.053E-61
<ATMOSPHERE-LAYER-175>2.057E-08,2.150E+02,9.225E-01,9.191E-15,1.683E-23,0.000E+00,8.676E-29,6.506E-31,7.939E-23,1.404E-62
<ATMOSPHERE-LAYER-176>1.858E-08,2.150E+02,9.181E-01,3.806E-15,1.118E-23,0.000E+00,1.575E-29,2.664E-31,1.376E-23,9.335E-64
<ATMOSPHERE-LAYER-177>1.678E-08,2.150E+02,9.135E-01,1.564E-15,7.737E-24,0.000E+00,2.821E-30,1.086E-31,2.353E-24,6.190E-65
<ATMOSPHERE-LAYER-178>1.516E-08,2.150E+02,9.087E-01,6.386E-16,5.670E-24,0.000E+00,4.985E-31,4.405E-32,3.975E-25,3.993E-66
<ATMOSPHERE-LAYER-179>1.369E-08,2.150E+02,9.036E-01,2.589E-16,4.340E-24,0.000E+00,8.694E-32,1.780E-32,6.630E-26,2.575E-67
<ATMOSPHERE-LAYER-180>1.237E-08,2.150E+02,8.983E-01,1.043E-16,3.384E-24,0.000E+00,1.496E-32,7.159E-33,1.092E-26,1.610E-68
<ATMOSPHERE-LAYER-181>1.117E-08,2.150E+02,8.927E-01,4.171E-17,2.751E-24,0.000E+00,2.540E-33,2.869E-33,1.778E-27,1.012E-69
<ATMOSPHERE-LAYER-182>1.009E-08,2.150E+02,8.869E-01,1.657E-17,2.328E-24,0.000E+00,4.252E-34,1.145E-33,2.858E-28,6.118E-71
<ATMOSPHERE-LAYER-183>9.117E-09,2.150E+02,8.808E-01,6.543E-18,2.109E-24,0.000E+00,7.020E-35,4.555E-34,4.540E-29,3.770E-72
<ATMOSPHERE-LAYER-184>8.235E-09,2.150E+02,8.744E-01,2.566E-18,2.002E-24,0.000E+00,1.142E-35,1.805E-34,7.121E-30,2.184E-73
<ATMOSPHERE-LAYER-185>7.439E-09,2.150E+02,8.678E-01,9.996E-19,1.988E-24,0.000E+00,1.832E-36,7.125E-35,1.103E-30,1.334E-74
<ATMOSPHERE-LAYER-186>6.719E-09,2.150E+02,8.608E-01,3.868E-19,2.050E-24,0.000E+00,2.892E-37,2.803E-35,1.687E-31,7.234E-76
<ATMOSPHERE-LAYER-187>6.069E-09,2.150E+02,8.536E-01,1.487E-19,2.181E-24,0.000E+00,4.494E-38,1.098E-35,2.547E-32,4.552E-77
<ATMOSPHERE-LAYER-188>5.482E-09,2.150E+02,8.460E-01,5.675E-20,2.376E-24,0.000E+00,6.869E-39,4.287E-36,3.795E-33,2.135E-78
<ATMOSPHERE-LAYER-189>4.952E-09,2.150E+02,8.381E-01,2.151E-20,2.627E-24,0.000E+00,1.032E-39,1.667E-36,5.575E-34,1.575E-79
<ATMOSPHERE-LAYER-190>4.473E-09,2.150E+02,8.298E-01,8.097E-21,2.923E-24,0.000E+00,1.522E-40,6.454E-37,8.077E-35,4.523E-81
<ATMOSPHERE-LAYER-191>4.040E-09,2.150E+02,8.213E-01,3.026E-21,3.250E-24,0.000E+00,2.203E-41,2.488E-37,1.153E-35,6.498E-82
<ATMOSPHERE-LAYER-192>3.650E-09,2.150E+02,8.123E-01,1.122E-21,3.596E-24,0.000E+00,3.125E-42,9.549E-38,1.622E-36,0.000E+00
<ATMOSPHERE-LAYER-193>3.297E-09,2.150E+02,8.030E-01,4.130E-22,3.944E-24,0.000E+00,4.339E-43,3.647E-38,2.248E-37,4.207E-84
<ATMOSPHERE-LAYER-194>2.978E-09,2.150E+02,7.933E-01,1.508E-22,4.279E-24,0.000E+00,5.893E-44,1.386E-38,3.072E-38,0.000E+00
<ATMOSPHERE-LAYER-195>2.690E-09,2.150E+02,7.833E-01,5.462E-23,4.588E-24,0.000E+00,7.814E-45,5.238E-39,4.159E-39,4.465E-86
<ATMOSPHERE-LAYER-196>2.430E-09,2.150E+02,7.728E-01,1.962E-23,4.860E-24,0.000E+00,1.010E-45,1.968E-39,5.653E-40,0.000E+00
<ATMOSPHERE-LAYER-197>2.195E-09,2.150E+02,7.620E-01,6.985E-24,5.083E-24,9.364E-47,1.271E-46,7.349E-40,8.023E-41,6.280E-88
<ATMOSPHERE-LAYER-198>1.982E-09,2.150E+02,7.508E-01,2.465E-24,5.254E-24,5.365E-46,1.555E-47,2.726E-40,1.308E-41,0.000E+00
<ATMOSPHERE-LAYER-199>1.791E-09,2.150E+02,7.391E-01,8.617E-25,5.368E-24,6.841E-46,1.844E-48,1.004E-40,2.892E-42,1.031E-89
<ATMOSPHERE-LAYER-200>1.617E-09,2.150E+02,7.271E-01,2.983E-25,5.424E-24,7.334E-46,2.116E-49,3.672E-41,1.130E-42,0.000E+00
<ATMOSPHERE-LAYER-201>1.461E-09,2.150E+02,7.146E-01,1.022E-25,5.426E-24,7.600E-46,2.344E-50,1.332E-41,3.923E-43,1.914E-91
<ATMOSPHERE-LAYER-202>1.320E-09,2.150E+02,7.018E-01,3.467E-26,5.375E-24,6.108E-46,2.500E-51,4.790E-42,1.404E-43,0.000E+00
<ATMOSPHERE-LAYER-203>1.192E-09,2.150E+02,6.885E-01,1.163E-26,5.278E-24,5.041E-46,2.558E-52,1.707E-42,5.561E-44,3.991E-93
<ATMOSPHERE-LAYER-204>1.077E-09,2.150E+02,6.749E-01,3.854E-27,5.140E-24,4.100E-46,2.504E-53,6.024E-43,2.524E-44,0.000E+00
<ATMOSPHERE-LAYER-205>9.726E-10,2.150E+02,6.608E-01,1.262E-27,4.967E-24,3.322E-46,2.335E-54,2.104E-43,1.373E-44,9.368E-95
<ATMOSPHERE-LAYER-206>8.786E-10,2.150E+02,6.464E-01,4.080E-28,4.766E-24,2.684E-46,2.067E-55,7.270E-44,8.857E-45,0.000E+00
<ATMOSPHERE-LAYER-207>7.936E-10,2.150E+02,6.316E-01,1.301E-28,4.542E-24,2.161E-46,1.726E-56,2.482E-44,6.390E-45,2.479E-96
<ATMOSPHERE-LAYER-208>7.168E-10,2.150E+02,6.164E-01,4.091E-29,4.302E-24,1.735E-46,1.354E-57,8.373E-45,4.886E-45,0.000E+00
<ATMOSPHERE-LAYER-209>6.475E-10,2.150E+02,6.009E-01,1.267E-29,4.050E-24,1.391E-46,9.902E-59,2.787E-45,3.815E-45,7.402E-98
<ATMOSPHERE-LAYER-210>5.849E-10,2.150E+02,5.850E-01,3.859E-30,3.791E-24,1.113E-46,6.701E-60,9.151E-46,2.982E-45,0.000E+00
<ATMOSPHERE-LAYER-211>5.283E-10,2.150E+02,5.688E-01,1.153E-30,3.529E-24,8.886E-47,4.158E-61,2.961E-46,2.328E-45,2.493E-99
<ATMOSPHERE-LAYER-212>4.772E-10,2.150E+02,5.523E-01,3.364E-31,3.268E-24,7.084E-47,2.339E-62,9.433E-47,1.815E-45,0.000E+00
<ATMOSPHERE-LAYER-213>4.311E-10,2.150E+02,5.355E-01,9.485E-32,3.010E-24,5.636E-47,1.176E-63,2.957E-47,1.412E-45,9.461E-101
<ATMOSPHERE-LAYER-214>3.894E-10,2.150E+02,5.185E-01,2.515E-32,2.757E-24,4.474E-47,5.197E-65,9.109E-48,1.095E-45,0.000E+00
<ATMOSPHERE-LAYER-215>3.517E-10,2.150E+02,5.013E-01,5.797E-33,2.512E-24,3.542E-47,1.970E-66,2.756E-48,8.465E-46,4.042E-102
<ATMOSPHERE-LAYER-216>3.177E-10,2.150E+02,4.839E-01,7.923E-34,2.275E-24,2.773E-47,6.206E-68,8.183E-49,6.461E-46,0.000E+00
<ATMOSPHERE-LAYER-217>2.870E-10,2.150E+02,4.664E-01,0.000E+00,1.914E-24,2.169E-47,1.549E-69,2.382E-49,4.932E-46,1.940E-103
<ATMOSPHERE-LAYER-218>2.592E-10,2.150E+02,4.487E-01,0.000E+00,1.647E-24,1.689E-47,2.831E-71,6.790E-50,3.762E-46,0.000E+00
<ATMOSPHERE-LAYER-219>2.341E-10,2.150E+02,4.310E-01,0.000E+00,1.460E-24,1.307E-47,3.255E-73,1.894E-50,2.837E-46,1.043E-104
<ATMOSPHERE-LAYER-220>2.115E-10,2.150E+02,4.133E-01,0.000E+00,1.390E-24,1.007E-47,1.501E-75,5.164E-51,2.120E-46,0.000E+00
<ATMOSPHERE-LAYER-221>1.910E-10,2.150E+02,3.956E-01,0.000E+00,1.414E-24,7.643E-48,0.000E+00,1.375E-51,1.565E-46,6.262E-106
<ATMOSPHERE-LAYER-222>1.726E-10,2.150E+02,3.780E-01,0.000E+00,1.408E-24,5.607E-48,3.328E-80,3.573E-52,1.132E-46,0.000E+00
<ATMOSPHERE-LAYER-223>1.559E-10,2.150E+02,3.605E-01,0.000E+00,1.094E-24,3.962E-48,0.000E+00,9.048E-53,7.872E-47,4.181E-107
<ATMOSPHERE-LAYER-224>1.408E-10,2.150E+02,3.431E-01,0.000E+00,7.122E-25,2.688E-48,1.296E-83,2.232E-53,5.124E-47,0.000E+00
<ATMOSPHERE-LAYER-225>1.272E-10,2.150E+02,3.260E-01,0.000E+00,4.616E-25,1.706E-48,0.000E+00,5.355E-54,2.958E-47,3.090E-108
<ATMOSPHERE-LAYER-226>1.149E-10,2.150E+02,3.091E-01,0.000E+00,2.077E-25,9.060E-49,1.508E-86,1.249E-54,1.241E-47,0.000E+00
<ATMOSPHERE-LAYER-227>1.038E-10,2.150E+02,2.925E-01,0.000E+00,1.513E-25,0.000E+00,0.000E+00,2.830E-55,0.000E+00,2.514E-109
<ATMOSPHERE-LAYER-228>9.373E-11,2.150E+02,2.763E-01,0.000E+00,1.968E-25,5.584E-50,3.527E-89,6.224E-56,1.616E-49,0.000E+00
<ATMOSPHERE-LAYER-229>8.467E-11,2.150E+02,2.604E-01,0.000E+00,1.059E-25,0.000E+00,0.000E+00,1.327E-56,0.000E+00,2.238E-110
<ATMOSPHERE-LAYER-230>7.648E-11,2.150E+02,2.450E-01,0.000E+00,7.457E-26,5.127E-51,1.369E-91,2.744E-57,2.920E-51,0.000E+00
<ATMOSPHERE-LAYER-231>6.908E-11,2.150E+02,2.301E-01,0.000E+00,3.506E-26,0.000E+00,0.000E+00,5.495E-58,0.000E+00,2.166E-111
<ATMOSPHERE-LAYER-232>6.240E-11,2.150E+02,2.156E-01,0.000E+00,6.026E-27,5.143E-52,7.874E-94,1.065E-58,6.433E-53,0.000E+00
<ATMOSPHERE-LAYER-233>5.636E-11,2.150E+02,2.017E-01,0.000E+00,1.586E-27,0.000E+00,0.000E+00,1.999E-59,0.000E+00,2.265E-112
<ATMOSPHERE-LAYER-234>5.091E-11,2.150E+02,1.883E-01,0.000E+00,2.563E-28,5.550E-53,6.201E-96,3.629E-60,1.616E-54,0.000E+00
<ATMOSPHERE-LAYER-235>4.599E-11,2.150E+02,1.754E-01,0.000E+00,7.834E-29,0.000E+00,0.000E+00,6.373E-61,0.000E+00,2.540E-113
<ATMOSPHERE-LAYER-236>4.154E-11,2.150E+02,1.632E-01,0.000E+00,7.823E-30,6.279E-54,6.317E-98,1.083E-61,2.148E-56,0.000E+00
<ATMOSPHERE-LAYER-237>3.752E-11,2.150E+02,1.515E-01,0.000E+00,4.089E-30,0.000E+00,0.000E+00,1.779E-62,0.000E+00,3.034E-114
<ATMOSPHERE-LAYER-238>3.389E-11,2.150E+02,1.405E-01,0.000E+00,0.000E+00,6.415E-55,7.959E-100,2.829E-63,0.000E+00,0.000E+00
<ATMOSPHERE-LAYER-239>3.062E-11,2.150E+02,1.300E-01,0.000E+00,3.145E-31,0.000E+00,0.000E+00,4.355E-64,0.000E+00,3.834E-115
<ATMOSPHERE-LAYER-240>2.765E-11,2.150E+02,1.201E-01,0.000E+00,2.504E-32,0.000E+00,1.197E-101,6.490E-65,0.000E+00,0.000E+00
<ATMOSPHERE-LAYER-241>2.498E-11,2.150E+02,1.108E-01,0.000E+00,1.014E-31,0.000E+00,0.000E+00,9.369E-66,0.000E+00,5.094E-116
<ATMOSPHERE-LAYER-242>2.256E-11,2.150E+02,1.020E-01,0.000E+00,8.005E-32,0.000E+00,2.086E-103,1.311E-66,0.000E+00,0.000E+00
<ATMOSPHERE-LAYER-243>2.038E-11,2.150E+02,9.387E-02,0.000E+00,9.161E-32,0.000E+00,0.000E+00,1.781E-67,0.000E+00,7.069E-117
<ATMOSPHERE-LAYER-244>1.841E-11,2.150E+02,8.623E-02,0.000E+00,8.181E-32,0.000E+00,4.114E-105,2.348E-68,0.000E+00,0.000E+00
<ATMOSPHERE-LAYER-245>1.663E-11,2.150E+02,7.912E-02,0.000E+00,5.809E-32,0.000E+00,0.000E+00,3.010E-69,0.000E+00,1.019E-117
<ATMOSPHERE-LAYER-246>1.502E-11,2.150E+02,7.251E-02,0.000E+00,3.279E-32,0.000E+00,8.991E-107,3.753E-70,0.000E+00,0.000E+00
<ATMOSPHERE-LAYER-247>1.357E-11,2.150E+02,6.638E-02,0.000E+00,1.444E-32,0.000E+00,0.000E+00,4.558E-71,0.000E+00,1.517E-118
<ATMOSPHERE-LAYER-248>1.226E-11,2.150E+02,6.070E-02,4.342E-49,3.389E-33,0.000E+00,2.141E-108,5.399E-72,0.000E+00,0.000E+00
<ATMOSPHERE-LAYER-249>1.107E-11,2.150E+02,5.546E-02,4.822E-51,0.000E+00,9.409E-57,0.000E+00,6.248E-73,3.513E-60,2.324E-119
<ATMOSPHERE-LAYER-250>1.000E-11,2.150E+02,5.062E-02,1.493E-50,0.000E+00,0.000E+00,5.441E-110,7.119E-74,0.000E+00,0.000E+00
<ATMOSPHERE-TEMPERATURE>210
<ATMOSPHERE-TAU>0.07,0.07,0.07,0.07,0.07,0.07,0.07,0.07
<ATMOSPHERE-NMAX>1
<ATMOSPHERE-LMAX>2
<ATMOSPHERE-NAERO>0
<ATMOSPHERE-CONTINUUM>Rayleigh,Refraction,CIA_all,UV_all
<SURFACE-TEMPERATURE>288.20
<SURFACE-ALBEDO>0.06
<SURFACE-EMISSIVITY>0.98
<SURFACE-GAS-RATIO>1.0
<SURFACE-GAS-UNIT>ratio
<SURFACE-NSURF>0
<SURFACE-MODEL>Lambert
