Wavelength (nm)	Flux (ergs/cm^2/s/nm)
0.55	235.197
0.65	616.907
0.75	920.052
0.85	1055.0
0.95	1055.0
1.05	1055.0
1.15	1636.31
1.25	2641.22
1.35	2622.0
1.45	2577.7000000000003
1.55	2577.7000000000003
1.65	2338.1
1.75	2332.38
1.85	2332.38
1.95	1542.04
2.0500000000000003	1202.18
2.15	1202.18
2.25	1202.18
2.35	1202.18
2.4499999999999997	1202.18
2.5500000000000003	1202.18
2.65	1202.18
2.75	1202.18
2.85	1202.18
2.9499999999999997	633.513
3.0500000000000003	485.994
3.15	367.41200000000003
3.25	669.135
3.35	1019.69
3.4499999999999997	274.705
3.5500000000000003	263.225
3.65	426.45300000000003
3.75	315.106
3.85	247.205
3.95	247.844
4.05	406.714
4.15	241.338
4.25	221.044
4.35	258.999
4.45	419.927
4.55	292.676
4.6499999999999995	244.26
4.75	194.29500000000002
4.8500000000000005	174.418
4.95	199.754
5.05	243.96800000000002
5.15	147.643
5.25	185.801
5.35	145.152
5.45	221.431
5.55	136.719
5.6499999999999995	131.448
5.75	210.788
5.8500000000000005	125.21000000000001
5.95	134.786
6.05	120.422
6.15	111.36800000000001
6.25	161.987
6.35	300.6720000000001
6.45	107.554
6.550000000000001	180.056
6.6499999999999995	183.803
6.75	118.35000000000001
6.8500000000000005	90.2528
6.949999999999999	116.059
7.05	84.8265
7.15	80.63
7.25	79.03640000000001
7.35	100.431
7.45	99.0576
7.550000000000001	96.7129
7.6499999999999995	94.07540000000002
7.75	75.9877
7.85	75.8926
7.95	66.4787
8.05	69.42040000000001
8.149999999999999	68.6142
8.25	65.9912
8.35	66.3155
8.45	56.673500000000004
8.55	56.41160000000001
8.65	55.935500000000005
8.75	85.0943
8.85	72.88340000000001
8.95	55.3492
9.05	61.5375
9.15	66.37490000000001
9.25	49.598600000000005
9.350000000000001	128.085
9.45	68.24260000000001
9.549999999999999	49.0037
9.65	46.3235
9.75	54.95870000000001
9.85	84.52140000000001
9.950000000000001	44.063700000000004
10.05	2173.18
10.149999999999999	2174.36
10.25	2174.36
10.35	2174.36
10.45	2174.36
10.55	2174.36
10.65	2174.36
10.75	2174.36
10.85	2174.36
10.95	2174.36
11.05	2174.36
11.15	2174.36
11.25	2174.36
11.350000000000001	2174.36
11.45	2174.36
11.549999999999999	2174.36
11.65	2174.36
11.75	2174.36
11.85	2174.36
11.950000000000001	2174.36
12.05	2174.36
12.149999999999999	2174.36
12.25	2174.36
12.35	2174.36
12.45	2174.36
12.55	2174.36
12.65	2174.36
12.75	2174.36
12.85	2174.36
12.95	2174.36
13.05	2174.36
13.15	2174.36
13.25	2174.36
13.350000000000001	2174.36
13.45	2174.36
13.549999999999999	2174.36
13.65	2174.36
13.75	2174.36
13.85	2174.36
13.950000000000001	2174.36
14.05	2174.36
14.149999999999999	2174.36
14.25	2174.36
14.35	2174.36
14.45	2174.36
14.55	2174.36
14.65	2174.36
14.75	2174.36
14.85	2174.36
14.95	2174.36
15.049999999999999	2174.36
15.15	2174.36
15.25	2174.36
15.350000000000001	2174.36
15.450000000000001	2174.36
15.549999999999999	2174.36
15.65	2174.36
15.75	2174.36
15.85	2174.36
15.95	2174.36
16.049999999999997	2174.36
16.150000000000002	2174.36
16.25	2174.36
16.35	2174.36
16.45	2174.36
16.549999999999997	2174.36
16.650000000000002	2174.36
16.75	2174.36
16.85	2174.36
16.95	2174.36
17.05	2174.36
17.15	2174.36
17.25	2174.36
17.35	2174.36
17.45	2174.36
17.55	2174.36
17.65	2174.36
17.75	2174.36
17.85	2174.36
17.95	2174.36
18.05	2174.36
18.15	2174.36
18.25	2174.36
18.35	2174.36
18.450000000000003	2174.36
18.55	2174.36
18.65	2174.36
18.75	2174.36
18.849999999999998	2174.36
18.950000000000003	2174.36
19.05	2174.36
19.15	2174.36
19.25	2174.36
19.349999999999998	2174.36
19.45	2174.36
19.55	2174.36
19.650000000000002	2174.36
19.75	2174.36
19.849999999999998	2174.36
19.95	2174.36
20.049999999999997	1907.07
20.150000000000002	1906.92
20.25	1906.92
20.35	1906.92
20.45	1906.92
20.549999999999997	1906.92
20.650000000000002	1906.92
20.75	1906.92
20.85	1906.92
20.95	1906.92
21.05	1906.92
21.15	1906.92
21.25	1906.92
21.35	1906.92
21.45	1906.92
21.55	1906.92
21.65	1906.92
21.75	1906.92
21.85	1906.92
21.95	1906.92
22.05	1906.92
22.15	1906.92
22.25	1906.92
22.349999999999998	1906.92
22.450000000000003	1906.92
22.55	1906.92
22.65	1906.92
22.75	1906.92
22.849999999999998	1906.92
22.950000000000003	1906.92
23.05	1906.92
23.150000000000002	1906.92
23.25	1906.92
23.349999999999998	1906.92
23.45	1906.92
23.55	1906.92
23.650000000000002	1906.92
23.75	1906.92
23.85	1906.92
23.95	1906.92
24.049999999999997	1906.92
24.150000000000002	1906.92
24.25	1906.92
24.35	1906.92
24.45	1906.92
24.549999999999997	1906.92
24.65	1906.92
24.75	1906.92
24.85	1906.92
24.95	1906.92
25.05	1906.92
25.15	1906.92
25.25	1906.92
25.35	1906.92
25.45	1906.92
25.55	1906.92
25.65	1906.92
25.75	1906.92
25.85	1906.92
25.95	1906.92
26.05	1906.92
26.15	1906.92
26.25	1906.92
26.349999999999998	1906.92
26.450000000000003	1906.92
26.55	1906.92
26.65	1906.92
26.75	1906.92
26.849999999999998	1906.92
26.950000000000003	1906.92
27.05	1906.92
27.150000000000002	1906.92
27.25	1906.92
27.349999999999998	1906.92
27.45	1906.92
27.55	1906.92
27.650000000000002	1906.92
27.75	1906.92
27.85	1906.92
27.95	1906.92
28.049999999999997	1906.92
28.150000000000002	1906.92
28.25	1906.92
28.35	1906.92
28.45	1906.92
28.55	1906.92
28.65	1906.92
28.75	1906.92
28.85	1906.92
28.95	1906.92
29.05	1906.92
29.15	1906.92
29.25	1906.92
29.35	1906.92
29.45	1906.92
29.55	1906.92
29.65	1906.92
29.75	1906.92
29.85	1906.92
29.95	1906.92
30.05	1684.0900000000001
30.15	1683.96
30.25	1683.96
30.349999999999998	1683.96
30.450000000000003	1683.96
30.55	1683.96
30.65	1683.96
30.75	1683.96
30.849999999999998	1683.96
30.95	1683.96
31.05	1683.96
31.150000000000002	1683.96
31.25	1683.96
31.35	1683.96
31.45	1683.96
31.55	1683.96
31.65	1683.96
31.75	1683.96
31.850000000000005	1683.96
31.95	1683.96
32.050000000000004	1683.96
32.15	1683.96
32.25	1683.96
32.349999999999994	1683.96
32.45	1683.96
32.550000000000004	1683.96
32.65	1683.96
32.75	1683.96
32.849999999999994	1683.96
32.95	1683.96
33.050000000000004	1683.96
33.15	1683.96
33.25	1683.96
33.349999999999994	1683.96
33.45	1683.96
33.550000000000004	1683.96
33.65	1683.96
33.75	1683.96
33.85	1683.96
33.95	1683.96
34.05	1683.96
34.15	1683.96
34.25	1683.96
34.35	1683.96
34.45	1683.96
34.55	1683.96
34.65	1683.96
34.75	1683.96
34.85	1683.96
34.95	1683.96
35.05	1683.96
35.15	1683.96
35.25	1683.96
35.35	1683.96
35.45	1683.96
35.55	1683.96
35.65	1683.96
35.75	1683.96
35.85	1683.96
35.95	1683.96
36.05	1683.96
36.15	1683.96
36.25	1683.96
36.35	1683.96
36.45	1683.96
36.55	1683.96
36.65	1683.96
36.75	1683.96
36.85	1683.96
36.949999999999996	1683.96
37.05	1683.96
37.150000000000006	1683.96
37.25	1683.96
37.35	1683.96
37.449999999999996	1683.96
37.55	1683.96
37.650000000000006	1683.96
37.75	1683.96
37.85	1683.96
37.949999999999996	1683.96
38.05	1683.96
38.150000000000006	1683.96
38.25	1683.96
38.35	1683.96
38.449999999999996	1683.96
38.550000000000004	1683.96
38.65	1683.96
38.75	1683.96
38.85	1683.96
38.949999999999996	1683.96
39.050000000000004	1683.96
39.15	1683.96
39.25	1683.96
39.35	1683.96
39.449999999999996	1683.96
39.550000000000004	1683.96
39.65	1683.96
39.75	1683.96
39.849999999999994	1683.96
39.95	1683.96
40.050000000000004	33.8591
40.15	32.9396
40.25	32.9396
40.349999999999994	32.9396
40.45	32.9396
40.550000000000004	32.9396
40.65	32.9396
40.75	32.9396
40.849999999999994	32.9396
40.95	32.9396
41.050000000000004	32.9396
41.15	32.9396
41.25	32.9396
41.349999999999994	32.9396
41.45	32.9396
41.55	32.9396
41.65	32.9396
41.75	32.9396
41.85	32.9396
41.95	32.9396
42.05	32.9396
42.15	32.9396
42.25	32.9396
42.35	32.9396
42.45	32.9396
42.55	32.9396
42.65	32.9396
42.75	32.9396
42.85	32.9396
42.95	32.9396
43.05	32.9396
43.15	32.9396
43.25	32.9396
43.35	32.9396
43.45	32.9396
43.55	32.9396
43.65	32.9396
43.75	32.9396
43.85	32.9396
43.95	32.9396
44.05	32.9396
44.15	32.9396
44.25	32.9396
44.35	32.9396
44.45	32.9396
44.55	32.9396
44.650000000000006	32.9396
44.75	32.9396
44.85	32.9396
44.949999999999996	32.9396
45.05	32.9396
45.150000000000006	32.9396
45.25	32.9396
45.35	32.9396
45.449999999999996	32.9396
45.55	32.9396
45.650000000000006	32.9396
45.75	32.9396
45.85	32.9396
45.949999999999996	32.9396
46.05	32.9396
46.15	32.9396
46.25	32.9396
46.35	32.9396
46.449999999999996	32.9396
46.550000000000004	32.9396
46.65	32.9396
46.75	32.9396
46.85	32.9396
46.949999999999996	32.9396
47.050000000000004	32.9396
47.15	32.9396
47.25	32.9396
47.35	32.9396
47.449999999999996	32.9396
47.550000000000004	32.9396
47.65	32.9396
47.75	32.9396
47.849999999999994	32.9396
47.95	32.9396
48.050000000000004	32.9396
48.15	32.9396
48.25	32.9396
48.349999999999994	32.9396
48.45	32.9396
48.550000000000004	32.9396
48.65	32.9396
48.75	32.9396
48.849999999999994	32.9396
48.95	32.9396
49.050000000000004	32.9396
49.15	32.9396
49.25	32.9396
49.35	32.9396
49.45	32.9396
49.55	32.9396
49.65	32.9396
49.75	32.9396
49.85	32.9396
49.95	32.9396
50.05	49.3648
50.15	49.3739
50.25	49.3739
50.35	49.3739
50.45	49.3739
50.55	49.3739
50.65	49.3739
50.75	49.3739
50.85	49.3739
50.95	49.3739
51.05	49.3739
51.15	49.3739
51.25	49.3739
51.35	49.3739
51.45	49.3739
51.55	49.3739
51.65	49.3739
51.75	49.3739
51.85	49.3739
51.95	49.3739
52.05	49.3739
52.15	49.3739
52.25	49.3739
52.35	49.3739
52.449999999999996	49.3739
52.55	49.3739
52.650000000000006	49.3739
52.75	49.3739
52.85	49.3739
52.949999999999996	49.3739
53.05	49.3739
53.150000000000006	49.3739
53.25	49.3739
53.35	49.3739
53.449999999999996	49.3739
53.55	49.3739
53.650000000000006	49.3739
53.75	49.3739
53.85	49.3739
53.949999999999996	49.3739
54.050000000000004	49.3739
54.15	49.3739
54.25	49.3739
54.35	49.3739
54.449999999999996	49.3739
54.550000000000004	49.3739
54.65	49.3739
54.75	49.3739
54.85	49.3739
54.949999999999996	49.3739
55.050000000000004	49.3739
55.15	49.3739
55.25	49.3739
55.35	49.3739
55.45	49.3739
55.550000000000004	49.3739
55.65	49.3739
55.75	49.3739
55.849999999999994	49.3739
55.95	49.3739
56.050000000000004	49.3739
56.15	49.3739
56.25	49.3739
56.349999999999994	49.3739
56.45	49.3739
56.550000000000004	49.3739
56.65	49.3739
56.75	49.3739
56.849999999999994	49.3739
56.95	49.3739
57.05	49.3739
57.15	49.3739
57.25	49.3739
57.35	49.3739
57.45	49.3739
57.55	49.3739
57.65	49.3739
57.75	49.3739
57.85	49.3739
57.95	49.3739
58.05	49.3739
58.15	49.3739
58.25	49.3739
58.35	49.3739
58.45	49.3739
58.55	49.3739
58.65	49.3739
58.75	49.3739
58.85	49.3739
58.95	49.3739
59.05	49.3739
59.15	49.3739
59.25	49.3739
59.35	49.3739
59.45	49.3739
59.55	49.3739
59.65	49.3739
59.75	49.3739
59.85	49.3739
59.95	49.3739
60.05	78.1246
60.15	78.1407
60.25	78.1407
60.35	78.1407
60.449999999999996	78.1407
60.55	78.1407
60.650000000000006	78.1407
60.75	78.1407
60.85	78.1407
60.949999999999996	78.1407
61.05	78.1407
61.150000000000006	78.1407
61.25	78.1407
61.35	78.1407
61.449999999999996	78.1407
61.55	78.1407
61.650000000000006	78.1407
61.75	78.1407
61.85	78.1407
61.949999999999996	78.1407
62.050000000000004	78.1407
62.15	78.1407
62.25	78.1407
62.35	78.1407
62.449999999999996	78.1407
62.55	78.1407
62.65	78.1407
62.75	78.1407
62.85	78.1407
62.95	78.1407
63.05	78.1407
63.15	78.1407
63.25	78.1407
63.35	78.1407
63.45	78.1407
63.55	78.1407
63.65	78.1407
63.75	78.1407
63.85	78.1407
63.95000000000001	78.1407
64.05	78.1407
64.15	78.1407
64.25	78.1407
64.35000000000001	78.1407
64.44999999999999	78.1407
64.55	78.1407
64.65	78.1407
64.75	78.1407
64.85000000000001	78.1407
64.94999999999999	78.1407
65.05	78.1407
65.15	78.1407
65.25	78.1407
65.35000000000001	78.1407
65.44999999999999	78.1407
65.55	78.1407
65.65	78.1407
65.75	78.1407
65.85000000000001	78.1407
65.94999999999999	78.1407
66.05	78.1407
66.15	78.1407
66.25	78.1407
66.35000000000001	78.1407
66.44999999999999	78.1407
66.55	78.1407
66.65	78.1407
66.75	78.1407
66.85000000000001	78.1407
66.94999999999999	78.1407
67.05	78.1407
67.15	78.1407
67.25	78.1407
67.35	78.1407
67.45	78.1407
67.55	78.1407
67.65	78.1407
67.75	78.1407
67.85	78.1407
67.95	78.1407
68.05	78.1407
68.15	78.1407
68.25	78.1407
68.35	78.1407
68.45	78.1407
68.55	78.1407
68.65	78.1407
68.75	78.1407
68.85	78.1407
68.95	78.1407
69.05	78.1407
69.15	78.1407
69.25	78.1407
69.35	78.1407
69.45	78.1407
69.55	78.1407
69.65	78.1407
69.75	78.1407
69.85	78.1407
69.95	78.1407
70.05	79.6105
70.15	79.61140000000002
70.25	79.61140000000002
70.35	79.61140000000002
70.45	79.61140000000002
70.55	79.61140000000002
70.65	79.61140000000002
70.75	79.61140000000002
70.85	79.61140000000002
70.95	79.61140000000002
71.05	79.61140000000002
71.15	79.61140000000002
71.25	79.61140000000002
71.35	79.61140000000002
71.45	79.61140000000002
71.55	79.61140000000002
71.65	79.61140000000002
71.75	79.61140000000002
71.85	79.61140000000002
71.95	79.61140000000002
72.05	79.61140000000002
72.15	79.61140000000002
72.25	79.61140000000002
72.35	79.61140000000002
72.45	79.61140000000002
72.55	79.61140000000002
72.65	79.61140000000002
72.75	79.61140000000002
72.85	79.61140000000002
72.95	79.61140000000002
73.05	79.61140000000002
73.15	79.61140000000002
73.25	79.61140000000002
73.35	79.61140000000002
73.45	79.61140000000002
73.55000000000001	79.61140000000002
73.64999999999999	79.61140000000002
73.75	79.61140000000002
73.85	79.61140000000002
73.95	79.61140000000002
74.05000000000001	79.61140000000002
74.14999999999999	79.61140000000002
74.25	79.61140000000002
74.35	79.61140000000002
74.45	79.61140000000002
74.55000000000001	79.61140000000002
74.64999999999999	79.61140000000002
74.75	79.61140000000002
74.85	79.61140000000002
74.95	79.61140000000002
75.05000000000001	79.61140000000002
75.14999999999999	79.61140000000002
75.25	79.61140000000002
75.35	79.61140000000002
75.45	79.61140000000002
75.55000000000001	79.61140000000002
75.64999999999999	79.61140000000002
75.75	79.61140000000002
75.85	79.61140000000002
75.95	79.61140000000002
76.05000000000001	79.61140000000002
76.14999999999999	79.61140000000002
76.25	79.61140000000002
76.35	79.61140000000002
76.45	79.61140000000002
76.55000000000001	79.61140000000002
76.64999999999999	79.61140000000002
76.75	79.61140000000002
76.85000000000001	79.61140000000002
76.95	79.61140000000002
77.05	79.61140000000002
77.14999999999999	79.61140000000002
77.25	79.61140000000002
77.35000000000001	79.61140000000002
77.45	79.61140000000002
77.55	79.61140000000002
77.64999999999999	79.61140000000002
77.75	79.61140000000002
77.85000000000001	79.61140000000002
77.95	79.61140000000002
78.05	79.61140000000002
78.14999999999999	79.61140000000002
78.25	79.61140000000002
78.35000000000001	79.61140000000002
78.45	79.61140000000002
78.55	79.61140000000002
78.64999999999999	79.61140000000002
78.75	79.61140000000002
78.85000000000001	79.61140000000002
78.95	79.61140000000002
79.05	79.61140000000002
79.14999999999999	79.61140000000002
79.25	79.61140000000002
79.35000000000001	79.61140000000002
79.45	79.61140000000002
79.55	79.61140000000002
79.65	79.61140000000002
79.75	79.61140000000002
79.85000000000001	79.61140000000002
79.94999999999999	79.61140000000002
80.05	82.9671
80.15	82.9689
80.25	82.9689
80.35000000000001	82.9689
80.44999999999999	82.9689
80.55	82.9689
80.65	82.9689
80.75	82.9689
80.85000000000001	82.9689
80.94999999999999	82.9689
81.05	82.9689
81.15	82.9689
81.25	82.9689
81.35000000000001	82.9689
81.44999999999999	82.9689
81.55	82.9689
81.65	82.9689
81.75	82.9689
81.85000000000001	82.9689
81.94999999999999	82.9689
82.05	82.9689
82.15	82.9689
82.25	82.9689
82.35000000000001	82.9689
82.44999999999999	82.9689
82.55	82.9689
82.65	82.9689
82.75	82.9689
82.85	82.9689
82.95	82.9689
83.05	82.9689
83.15	82.9689
83.25	82.9689
83.35	82.9689
83.45	82.9689
83.55	82.9689
83.65	82.9689
83.75	82.9689
83.85	82.9689
83.95	82.9689
84.05	82.9689
84.15	82.9689
84.25	82.9689
84.35	82.9689
84.45	82.9689
84.55	82.9689
84.65	82.9689
84.75	82.9689
84.85	82.9689
84.95	82.9689
85.05	82.9689
85.15	82.9689
85.25	82.9689
85.35	82.9689
85.45	82.9689
85.55	82.9689
85.65	82.9689
85.75	82.9689
85.85	82.9689
85.95	82.9689
86.05	82.9689
86.15	82.9689
86.25	82.9689
86.35	82.9689
86.45	82.9689
86.55	82.9689
86.65	82.9689
86.75	82.9689
86.85	82.9689
86.95	82.9689
87.05	82.9689
87.15	82.9689
87.25	82.9689
87.35	82.9689
87.45	82.9689
87.55	82.9689
87.65	82.9689
87.75	82.9689
87.85	82.9689
87.95	82.9689
88.05	82.9689
88.15	82.9689
88.25	82.9689
88.35	82.9689
88.45	82.9689
88.55	82.9689
88.65	82.9689
88.75	82.9689
88.85	82.9689
88.95	82.9689
89.05	82.9689
89.14999999999999	82.9689
89.25	82.9689
89.35	82.9689
89.45	82.9689
89.55000000000001	82.9689
89.64999999999999	82.9689
89.75	82.9689
89.85	82.9689
89.95	82.9689
90.05000000000001	82.9689
90.14999999999999	82.9689
90.25	82.9689
90.35	82.9689
90.45	82.9689
90.55000000000001	82.9689
90.64999999999999	82.9689
90.75	82.9689
90.85	82.9689
90.95	82.9689
91.05000000000001	82.9689
91.14999999999999	82.9689
91.25	256.073
91.35	256.169
91.45	256.169
91.55000000000001	256.169
91.64999999999999	256.169
91.75	256.169
91.85	256.169
91.95	256.169
92.05000000000001	256.169
92.14999999999999	256.169
92.25	256.169
92.35000000000001	256.169
92.45	256.169
92.55	256.169
92.64999999999999	256.169
92.75	256.169
92.85000000000001	256.169
92.95	256.169
93.05	256.169
93.14999999999999	256.169
93.25	256.169
93.35000000000001	256.169
93.45	256.169
93.55	256.169
93.64999999999999	256.169
93.75	256.169
93.85000000000001	256.169
93.95	256.169
94.05	256.169
94.14999999999999	256.169
94.25	256.169
94.35000000000001	256.169
94.45	256.169
94.55	256.169
94.64999999999999	256.169
94.75	256.169
94.85000000000001	256.169
94.95	256.169
95.05	256.169
95.14999999999999	256.169
95.25	256.169
95.35000000000001	256.169
95.44999999999999	256.169
95.55	256.169
95.65	256.169
95.75	256.169
95.85000000000001	256.169
95.94999999999999	256.169
96.05	256.169
96.15	256.169
96.25	256.169
96.35000000000001	256.169
96.44999999999999	256.169
96.55	256.169
96.65	256.169
96.75	256.169
96.85000000000001	256.169
96.94999999999999	256.169
97.05	256.169
97.15	256.169
97.25	256.169
97.35000000000001	256.169
97.44999999999999	256.169
97.55	256.169
97.65	256.169
97.75	256.169
97.85000000000001	256.169
97.94999999999999	256.169
98.05	256.169
98.15	256.169
98.25	256.169
98.35000000000001	256.169
98.45	256.169
98.55	256.169
98.65	256.169
98.75	256.169
98.85	256.169
98.95	256.169
99.05	256.169
99.15	256.169
99.25	256.169
99.35	256.169
99.45	256.169
99.55	256.169
99.65	256.169
99.75	256.169
99.85	256.169
99.95	256.169
100.05	256.169
100.15	256.169
100.25	256.169
100.35	256.169
100.45	256.169
100.55	256.169
100.65	256.169
100.75	256.169
100.85	256.169
100.95	256.169
101.05	256.169
101.15	256.169
101.25	256.169
101.35	256.169
101.45	256.169
101.55	256.169
101.65	256.169
101.75	256.169
101.85	256.169
101.95	256.169
102.05	256.169
102.15	256.169
102.25	256.169
102.35	256.169
102.45	256.169
102.55	256.169
102.65	256.169
102.75	256.169
102.85	256.169
102.95	256.169
103.05	256.169
103.15	256.169
103.25	256.169
103.35	256.169
103.45	256.169
103.55	256.169
103.65	256.169
103.75	256.169
103.85	256.169
103.95	256.169
104.05	256.169
104.15	256.169
104.25	256.169
104.35	256.169
104.45	256.169
104.55	256.169
104.65	256.169
104.75	256.169
104.85	256.169
104.95	256.169
105.05000000000001	256.169
105.14999999999999	256.169
105.25	256.169
105.35	256.169
105.45	256.169
105.55000000000001	256.169
105.64999999999999	256.169
105.75	256.169
105.85	256.169
105.95	256.169
106.05000000000001	256.169
106.14999999999999	256.169
106.25	256.169
106.35	256.169
106.45	256.169
106.55000000000001	256.169
106.64999999999999	256.169
106.75	256.169
106.85	256.169
106.95	256.169
107.05000000000001	256.169
107.14999999999999	256.169
107.25	256.169
107.35	256.169
107.45	256.169
107.55000000000001	256.169
107.64999999999999	256.169
107.75	256.169
107.85	256.169
107.95	256.169
108.05	256.169
108.14999999999999	256.169
108.25	256.169
108.35000000000001	256.169
108.45	256.169
108.55	256.169
108.64999999999999	256.169
108.75	256.169
108.85000000000001	256.169
108.95	256.169
109.05	256.169
109.14999999999999	256.169
109.25	256.169
109.35000000000001	256.169
109.45	256.169
109.55	256.169
109.64999999999999	256.169
109.75	256.169
109.85000000000001	256.169
109.95	256.169
110.05	256.169
110.14999999999999	256.169
110.25	256.169
110.35000000000001	256.169
110.45	256.169
110.55	256.169
110.64999999999999	256.169
110.75	256.169
110.85000000000001	256.169
110.94999999999999	256.169
111.05	256.169
111.15	256.169
111.25	256.169
111.35000000000001	256.169
111.44999999999999	256.169
111.55	256.169
111.65	256.169
111.75	256.169
111.85000000000001	256.169
111.94999999999999	256.169
112.05	256.169
112.15	256.169
112.25	256.169
112.35000000000001	256.169
112.44999999999999	256.169
112.55	256.169
112.65	256.169
112.75	256.169
112.85000000000001	256.169
112.94999999999999	256.169
113.05	256.169
113.15	256.169
113.25	256.169
113.35000000000001	256.169
113.44999999999999	256.169
113.55	256.169
113.65	256.169
113.75	256.169
113.85000000000001	256.169
113.94999999999999	256.169
114.05	256.169
114.15	256.169
114.25	256.169
114.35	256.169
114.45	256.169
114.55	256.169
114.65	256.169
114.75	256.169
114.85	256.169
114.95	256.169
115.05	256.169
115.15	256.169
115.25	256.169
115.35	256.169
115.45	256.169
115.55	256.169
115.65	256.169
115.75	256.169
115.85	256.169
115.95	256.169
116.05	256.169
116.15	256.169
116.25	256.169
116.35	256.169
116.45	256.169
116.55	256.169
116.65	256.169
116.75	256.169
116.85	256.169
116.95	255.21
117.05	37.7158
117.15	53.1394
117.25	12.992400000000002
117.35	11.1909
117.45	143.523
117.55	1547.15
117.65	621.079
117.75	23.7725
117.85	25.312800000000003
117.95	10.364600000000001
118.05	133.352
118.15	136.72
118.25	11.932
118.35	27.511300000000002
118.45	3.7523900000000006
118.55	22.2298
118.65	14.888300000000001
118.75	27.2281
118.85	13.7931
118.95	59.4742
119.05	105.075
119.15	18.7913
119.25	15.8231
119.35	81.913
119.45	184.367
119.55	33.657700000000006
119.65	56.6015
119.75	132.751
119.85	70.1612
119.95	96.23920000000001
120.05	98.11930000000001
120.15	75.5558
120.25	54.369200000000006
120.35	26.831800000000005
120.45	65.8868
120.55000000000001	81.5982
120.64999999999999	1823.96
120.75	114.60000000000001
120.85	138.535
120.95	148.015
121.05000000000001	183.814
121.14999999999999	360.692
121.25	782.1460000000001
121.35	1722.65
121.45	8076.99
121.55000000000001	607538.0
121.64999999999999	59765.8
121.75	3086.24
121.85	1862.99
121.95	440.719
122.05000000000001	252.157
122.14999999999999	141.06
122.25	69.0456
122.35	80.4855
122.45	48.688
122.55000000000001	16.489600000000003
122.64999999999999	39.7107
122.75	75.4038
122.85	41.4165
122.95	38.6401
123.05000000000001	50.167
123.14999999999999	21.290100000000002
123.25	26.577600000000004
123.35	19.900900000000004
123.45	18.2191
123.55	15.896900000000002
123.64999999999999	6.997920000000001
123.75	77.996
123.85000000000001	1902.19
123.95	249.579
124.05	33.9791
124.14999999999999	183.213
124.25	1040.92
124.35000000000001	120.37
124.45	186.857
124.55	22.831600000000005
124.64999999999999	21.6928
124.75	37.22430000000001
124.85000000000001	190.751
124.95	98.9797
125.05	48.58670000000001
125.15	27.881300000000003
125.25	25.960900000000002
125.35	86.8186
125.45	61.41360000000001
125.55	22.2892
125.65	44.71470000000001
125.75	68.5686
125.85	66.76260000000002
125.95	50.84910000000001
126.05	118.101
126.15	66.46240000000002
126.25	71.2303
126.35	4.716980000000001
126.45	402.406
126.55	165.736
126.65	63.04130000000001
126.75	34.8093
126.85	30.905800000000003
126.95	0.362194
127.05	51.1493
127.15000000000002	59.5384
127.25	33.208200000000005
127.35	33.6871
127.45	25.799
127.55	25.8894
127.65000000000002	23.8909
127.75	78.0464
127.85	8.29179
127.95	57.0165
128.05	85.87050000000002
128.14999999999998	11.7727
128.25	18.3183
128.35	0.306731
128.45000000000002	1.2838600000000002
128.55	21.4565
128.64999999999998	19.1089
128.75	2.2348600000000003
128.85	49.75860000000001
128.95000000000002	29.194200000000002
129.05	31.605900000000002
129.14999999999998	0.49526600000000004
129.25	61.490700000000004
129.35	76.4502
129.45000000000002	57.048
129.55	2.12558
129.64999999999998	29.1004
129.75	8.75871
129.85	91.88430000000001
129.95000000000002	65.46040000000002
130.05	22.7607
130.14999999999998	34.0685
130.25	12.368300000000001
130.35	73.99340000000001
130.45000000000002	10.1531
130.55	9.956190000000001
130.64999999999998	19.634100000000004
130.75	31.198
130.85	29.542
130.95000000000002	139.272
131.05	25.057900000000004
131.14999999999998	62.509100000000004
131.25	24.018300000000004
131.35	32.03980000000001
131.45000000000002	11.559000000000001
131.55	23.7876
131.64999999999998	24.799400000000002
131.75	24.1904
131.85	27.6624
131.95000000000002	43.301
132.05	36.038
132.14999999999998	25.501900000000003
132.25	25.4201
132.35	46.8734
132.45000000000002	19.607200000000002
132.55	30.1935
132.64999999999998	7.4540500000000005
132.75	69.4388
132.85	7.3333200000000005
132.95000000000002	118.271
133.05	273.147
133.14999999999998	10.2969
133.25	5.78058
133.35	270.109
133.45000000000002	1366.55
133.55	3482.54
133.64999999999998	162.454
133.75	26.7027
133.85	27.355700000000002
133.95000000000002	20.6278
134.05	0.705717
134.14999999999998	259.925
134.25	263.737
134.35	263.448
134.45	0.931523
134.55	196.65800000000002
134.65	23.037800000000004
134.75	23.966400000000004
134.85	16.6106
134.95	48.9363
135.05	21.645600000000005
135.15	86.5525
135.25	20.0762
135.35	14.866
135.45	15.869700000000002
135.55	10.1425
135.65	43.119800000000005
135.75	17.492
135.85	18.1394
135.95	21.6643
136.05	51.738400000000006
136.15	26.4587
136.25	8.10012
136.35	6.3121100000000006
136.45	53.098
136.55	11.056300000000002
136.65	17.6383
136.75	8.554060000000002
136.85	11.0377
136.95	67.8893
137.05	26.376600000000003
137.15	109.143
137.25	24.8229
137.35	8.65247
137.45	55.062200000000004
137.55	20.7982
137.65	14.9196
137.75	55.253600000000006
137.85	1.82038
137.95	23.121300000000005
138.05	19.7268
138.15	47.1225
138.25	20.460100000000004
138.35	36.355
138.45	80.35060000000001
138.55	24.948700000000002
138.65	86.1405
138.75	87.20340000000002
138.85	85.13040000000001
138.95	87.6965
139.05	24.2479
139.15	87.6965
139.25	37.28770000000001
139.35	1268.74
139.45	191.658
139.55	138.398
139.65	36.1774
139.75	13.7946
139.85	53.14170000000001
139.95	145.44900000000004
140.05	147.942
140.15	204.953
140.25	775.783
140.35	104.73100000000001
140.45	32.5033
140.55	23.076400000000003
140.65	57.53060000000001
140.75	71.5764
140.85	13.788
140.95	49.8458
141.05	37.1706
141.15	20.4538
141.25	20.9297
141.35	27.695300000000003
141.45	70.9457
141.55	28.394000000000002
141.65	13.052700000000002
141.75	48.354800000000004
141.85	90.1287
141.95	28.933600000000002
142.05	4.15067
142.15	36.8361
142.25	29.517
142.35	74.93010000000001
142.45	55.264100000000006
142.55	82.67290000000001
142.65	31.8785
142.75	31.372200000000003
142.85	29.8842
142.95	27.277400000000004
143.05	36.48270000000001
143.15	31.2332
143.25	58.078700000000005
143.35	45.9333
143.45	39.2505
143.55	2.0009100000000006
143.65	2.92817
143.75	18.5938
143.85	37.9923
143.95	11.592
144.05	50.739000000000004
144.15	81.994
144.25	182.588
144.35	86.91740000000001
144.45	41.274800000000006
144.55	82.4753
144.65	79.1701
144.75	37.9775
144.85	37.5
144.95	36.2897
145.05	40.518800000000006
145.15	9.684560000000001
145.25	47.1805
145.35	29.347800000000003
145.45	26.484000000000005
145.55	26.516100000000005
145.65	24.0975
145.75	9.04417
145.85	13.7872
145.95	96.17210000000001
146.05	10.0881
146.15	33.885400000000004
146.25	17.3726
146.35	94.0831
146.45	41.9159
146.55	34.10320000000001
146.65	40.3699
146.75	191.687
146.85	12.627400000000002
146.95	34.5721
147.04999999999998	36.04130000000001
147.15	53.35170000000001
147.25	88.07260000000001
147.35000000000002	74.4796
147.45	41.5097
147.54999999999998	40.456300000000006
147.65	48.764700000000005
147.75	25.61
147.85000000000002	46.37310000000001
147.95	18.8858
148.04999999999998	3.23316
148.15	74.1457
148.25	38.2935
148.35000000000002	46.33070000000001
148.45	20.8472
148.54999999999998	22.9748
148.65	77.3332
148.75	33.29130000000001
148.85000000000002	42.2302
148.95	72.17100000000002
149.04999999999998	16.625
149.15	54.5009
149.25	60.71060000000001
149.35000000000002	42.8733
149.45	27.378700000000002
149.54999999999998	69.9828
149.65	81.3324
149.75	17.2883
149.85000000000002	44.9988
149.95	13.227200000000002
150.04999999999998	137.218
150.15	55.933800000000005
150.25	8.09101
150.35000000000002	41.4808
150.45	171.857
150.54999999999998	43.828700000000005
150.65	8.339540000000001
150.75	21.6095
150.85000000000002	70.5182
150.95	16.805
151.04999999999998	6.93537
151.15	25.8275
151.25	16.129
151.35000000000002	41.3741
151.45	72.62410000000001
151.54999999999998	15.9115
151.65	84.7451
151.75	29.813900000000004
151.85000000000002	1.13676
151.95	56.555800000000005
152.04999999999998	35.4974
152.15	1.1067200000000001
152.25	58.948800000000006
152.35000000000002	40.2541
152.45	184.4
152.54999999999998	52.8582
152.65	350.373
152.75	58.2639
152.85000000000002	38.111700000000006
152.95	72.579
153.04999999999998	3.32642
153.15	72.3421
153.25	157.47
153.35	334.8330000000001
153.45000000000002	3.5815200000000003
153.54999999999998	21.7265
153.65	104.042
153.75	77.10430000000001
153.85	11.686
153.95000000000002	325.223
154.04999999999998	7.4164200000000005
154.15	23.710400000000003
154.25	54.59610000000001
154.35	4.99364
154.45000000000002	56.6024
154.54999999999998	113.528
154.65	69.8062
154.75	342.255
154.85	4972.86
154.95000000000002	73.1685
155.04999999999998	2580.19
155.15	500.937
155.25	22.303900000000002
155.35	22.3513
155.45000000000002	78.2478
155.54999999999998	0.0042620800000000006
155.65	89.95340000000002
155.75	32.7749
155.85	499.737
155.95000000000002	18.8448
156.04999999999998	537.126
156.15	724.631
156.25	123.488
156.35	97.794
156.45000000000002	38.9041
156.54999999999998	124.869
156.65	54.0885
156.75	100.15
156.85	42.00930000000001
156.95000000000002	101.378
157.04999999999998	100.43600000000002
157.15	1.4997800000000001
157.25	67.0891
157.35	100.845
157.45000000000002	10.6242
157.54999999999998	32.269400000000005
157.65	126.214
157.75	28.3884
157.85	57.3365
157.95000000000002	31.742
158.04999999999998	37.533
158.15	31.742
158.25	31.6671
158.35	23.281
158.45000000000002	30.1342
158.54999999999998	50.67020000000001
158.65	50.667
158.75	65.6707
158.85	43.4105
158.95000000000002	33.973200000000006
159.04999999999998	33.973200000000006
159.15	32.0965
159.25	32.0965
159.35	137.276
159.45000000000002	49.666900000000005
159.55	54.3312
159.64999999999998	51.797700000000006
159.75	203.52700000000002
159.85	67.4283
159.95000000000002	43.810300000000005
160.05	43.810300000000005
160.14999999999998	52.1844
160.25	203.707
160.35	170.981
160.45000000000002	93.28670000000001
160.55	49.5354
160.64999999999998	56.4315
160.75	56.4315
160.85	48.082800000000006
160.95000000000002	45.0069
161.05	167.483
161.14999999999998	44.8206
161.25	58.278400000000005
161.35	39.4736
161.45000000000002	39.544
161.55	137.923
161.64999999999998	37.0756
161.75	36.553
161.85	5.91035
161.95000000000002	74.52810000000001
162.05	145.972
162.14999999999998	44.92840000000001
162.25	38.6897
162.35	42.2876
162.45000000000002	48.05270000000001
162.55	43.919
162.64999999999998	44.1899
162.75	17.114400000000003
162.85	184.476
162.95000000000002	49.3805
163.05	42.9966
163.14999999999998	293.0830000000001
163.25	71.95760000000001
163.35	154.775
163.45000000000002	52.97160000000001
163.55	7.6966600000000005
163.64999999999998	307.715
163.75	115.36200000000001
163.85	30.9132
163.95000000000002	119.524
164.05	4975.020000000001
164.14999999999998	172.649
164.25	92.11320000000002
164.35	306.53700000000003
164.45000000000002	66.2605
164.55	50.469100000000005
164.64999999999998	185.392
164.75	363.272
164.85	411.158
164.95000000000002	445.202
165.05	446.37600000000003
165.14999999999998	14.8755
165.25	92.7095
165.35	219.925
165.45000000000002	96.57810000000002
165.55	85.1227
165.65	948.525
165.75	1073.09
165.85	711.786
165.95	142.995
166.05	2.77138
166.15	4.35681
166.25	262.92
166.35	261.348
166.45	68.6507
166.55	44.9577
166.65	158.09
166.75	202.03
166.85	153.72
166.95	168.492
167.05	1007.36
167.15	432.99
167.25	61.277100000000004
167.35	70.6142
167.45	53.6214
167.55	39.548
167.65	120.307
167.75	106.898
167.85	82.2725
167.95	116.831
168.05	108.777
168.15	3.8850900000000004
168.25	103.855
168.35	117.239
168.45	30.178400000000003
168.55	30.011300000000002
168.65	31.011
168.75	79.59490000000001
168.85	8.971
168.95	7.40955
169.05	27.5636
169.15	29.7554
169.25	31.187400000000004
169.35	0.274556
169.45	50.278400000000005
169.55	59.542500000000004
169.65	23.5655
169.75	117.307
169.85	2.9154500000000003
169.95	23.4706
170.05	43.834300000000006
170.15	32.5262
170.25	26.211300000000005
170.35	68.6563
170.45	44.4724
170.55	41.9585
170.65	49.16060000000001
170.75	86.667
170.85	51.00560000000001
170.95	7.860780000000001
171.05	54.3633
171.15	63.342800000000004
171.25	89.9117
171.35	275.584
171.45	58.2837
171.55	203.585
171.65	154.208
171.75	58.2837
171.85	4.15732
171.95	77.09660000000001
172.05	212.24
172.15	63.6392
172.25	63.6392
172.35	86.1231
172.45	72.3439
172.55	72.3439
172.65	62.16460000000001
172.75	61.682300000000005
172.85	61.682300000000005
172.95	67.6192
173.05	256.00100000000003
173.15	53.1523
173.25	539.5890000000002
173.35	82.0536
173.45	82.0536
173.55	82.0536
173.65	144.562
173.75	94.70590000000001
173.85	122.895
173.95	100.58800000000001
174.05	100.58800000000001
174.15	578.025
174.25	87.7878
174.35	66.7591
174.45	88.2217
174.55	253.048
174.65	88.2217
174.75	97.8036
174.85	117.638
174.95	91.6588
175.05	91.6588
175.15	91.6588
175.25	119.014
175.35	429.252
175.45	70.8462
175.55	70.8462
175.65	336.2
175.75	100.944
175.85	112.505
175.95	118.08800000000001
176.05	118.08800000000001
176.15	96.75210000000001
176.25	65.01910000000001
176.35	156.209
176.45	178.871
176.55	855.0070000000001
176.65	178.871
176.75	231.217
176.85	229.296
176.95	173.379
177.05	352.573
177.15	377.84
177.25	151.023
177.35	882.5
177.45	200.782
177.55	217.028
177.65	226.36100000000002
177.75	174.277
177.85	171.84800000000004
177.95	160.384
178.05	179.154
178.15	189.984
178.25	171.09200000000004
178.35000000000002	709.829
178.45	324.908
178.54999999999998	148.257
178.65	154.529
178.75	182.638
178.85000000000002	143.21100000000004
178.95	375.404
179.04999999999998	569.177
179.15	193.939
179.25	193.939
179.35000000000002	231.437
179.45	576.814
179.54999999999998	125.44200000000001
179.65	272.768
179.75	272.768
179.85000000000002	291.656
179.95	153.546
180.04999999999998	861.015
180.15	282.707
180.25	749.9690000000002
180.35000000000002	782.746
180.45	678.457
180.54999999999998	400.157
180.65	450.748
180.75	560.394
180.85000000000002	464.801
180.95	240.19400000000002
181.04999999999998	60.598600000000005
181.15	709.024
181.25	2176.62
181.35000000000002	1060.16
181.45	60.41780000000001
181.54999999999998	56.853100000000005
181.65	391.67900000000003
181.75	245.14000000000001
181.85000000000002	72.0453
181.95	314.402
182.04999999999998	423.199
182.15	589.423
182.25	668.287
182.35000000000002	264.788
182.45	237.33
182.54999999999998	132.02
182.65	1203.25
182.75	258.153
182.85000000000002	245.89600000000002
182.95	78.397
183.04999999999998	39.3311
183.15	189.906
183.25	162.928
183.35000000000002	511.004
183.45	202.463
183.54999999999998	228.427
183.65	331.269
183.75	185.845
183.85000000000002	377.697
183.95	789.943
184.04999999999998	181.925
184.15	179.958
184.25	181.596
184.35000000000002	168.947
184.45	381.3860000000001
184.54999999999998	83.2956
184.65	400.33
184.75	187.69300000000004
184.85	187.69300000000004
184.95000000000002	189.459
185.04999999999998	156.296
185.15	222.651
185.25	452.509
185.35	584.535
185.45000000000002	292.569
185.54999999999998	173.94300000000004
185.65	202.632
185.75	182.61600000000004
185.85	413.01300000000003
185.95000000000002	126.679
186.04999999999998	153.495
186.15	355.094
186.25	1.34101
186.35	374.546
186.45000000000002	18.7979
186.54999999999998	657.09
186.65	179.599
186.75	307.704
186.85	238.439
186.95000000000002	23.679600000000004
187.04999999999998	61.019800000000004
187.15	87.63610000000001
187.25	140.666
187.35	605.595
187.45000000000002	167.843
187.54999999999998	120.932
187.65	10.8511
187.75	111.351
187.85	110.132
187.95000000000002	117.075
188.04999999999998	258.778
188.15	151.056
188.25	146.674
188.35	146.855
188.45000000000002	116.575
188.54999999999998	2.96467
188.65	462.504
188.75	283.3330000000001
188.85	377.294
188.95000000000002	583.943
189.04999999999998	180.375
189.15	178.613
189.25	3.61069
189.35	186.124
189.45000000000002	494.32800000000003
189.54999999999998	52.461200000000005
189.65	281.552
189.75	469.678
189.85	82.9272
189.95000000000002	188.262
190.04999999999998	297.296
190.15	150.21700000000004
190.25	171.248
190.35	222.847
190.45000000000002	24.126900000000003
190.55	315.319
190.64999999999998	606.568
190.75	183.07
190.85	172.489
190.95000000000002	168.651
191.05	162.127
191.14999999999998	93.2598
191.25	46.326600000000006
191.35	188.879
191.45000000000002	152.544
191.55	173.96
191.64999999999998	506.682
191.75	258.045
191.85	73.8182
191.95000000000002	553.967
192.05	269.728
192.14999999999998	288.162
192.25	96.2771
192.35	185.285
192.45000000000002	311.355
192.55	630.599
192.64999999999998	683.998
192.75	660.451
192.85	263.624
192.95000000000002	186.655
193.05	427.779
193.14999999999998	281.258
193.25	301.27
193.35	491.022
193.45000000000002	333.475
193.55	210.55
193.64999999999998	224.601
193.75	176.268
193.85	121.742
193.95000000000002	284.7200000000001
194.05	336.757
194.14999999999998	400.253
194.25	586.653
194.35	484.79200000000003
194.45000000000002	138.787
194.55	48.405100000000004
194.64999999999998	72.41940000000001
194.75	300.986
194.85	242.124
194.95000000000002	200.766
195.05	117.794
195.14999999999998	222.47400000000002
195.25	213.047
195.35	148.987
195.45000000000002	48.06420000000001
195.55	159.666
195.64999999999998	69.5248
195.75	284.088
195.85	622.0410000000002
195.95000000000002	383.871
196.05	299.93
196.14999999999998	211.697
196.25	108.70100000000001
196.35	33.9309
196.45000000000002	199.431
196.55	200.75
196.64999999999998	211.33600000000004
196.75	715.572
196.85	448.408
196.95	234.53300000000002
197.05	369.041
197.15	159.215
197.25	172.34800000000004
197.35	168.153
197.45	74.4402
197.55	211.726
197.65	424.401
197.75	338.62600000000003
197.85	158.714
197.95	112.261
198.05	139.133
198.15	76.96660000000001
198.25	24.8121
198.35	166.62
198.45	178.447
198.55	106.508
198.65	334.491
198.75	119.71300000000001
198.85	178.713
198.95	248.851
199.05	335.676
199.15	322.179
199.25	283.897
199.35	236.542
199.45	311.427
199.55	538.972
199.65	484.81600000000003
199.75	419.005
199.85	212.94400000000002
199.95	233.9
200.05	233.572
200.15	106.08200000000001
200.25	185.721
200.35	252.877
200.45	114.173
200.55	90.1486
200.65	61.433
200.75	492.592
200.85	512.1900000000002
200.95	465.46000000000004
201.05	353.998
201.15	187.728
201.25	152.869
201.35	153.185
201.45	154.16
201.55	17.912200000000002
201.65	147.002
201.75	161.79
201.85	140.781
201.95	5.827380000000001
202.05	188.41
202.15	128.912
202.25	192.045
202.35	272.37
202.45	111.434
202.55	61.16870000000001
202.65	357.185
202.75	72.40890000000002
202.85	86.60090000000001
202.95	327.2730000000001
203.05	218.347
203.15	134.233
203.25	138.16
203.35	165.996
203.45	303.964
203.55	230.794
203.65	189.135
203.75	151.671
203.85	108.363
203.95	130.275
204.05	144.072
204.15	143.305
204.25	136.593
204.35	6.07929
204.45	136.239
204.55	128.266
204.65	118.236
204.75	353.168
204.85	524.829
204.95	603.23
205.05	202.99
205.15	127.889
205.25	56.79820000000001
205.35	102.123
205.45	144.495
205.55	30.193
205.65	98.01670000000001
205.75	194.859
205.85	77.8497
205.95	71.509
206.05	91.6383
206.15	120.892
206.25	161.527
206.35	265.73
206.45	263.624
206.55	230.286
206.65	39.98
206.75	131.38
206.85	121.637
206.95	53.7702
207.05	216.292
207.15	374.909
207.25	79.5555
207.35	119.178
207.45	193.146
207.55	58.7909
207.65	14.0645
207.75	120.267
207.85	129.867
207.95	143.69300000000004
208.05	85.2176
208.15	132.018
208.25	179.865
208.35	347.171
208.45	255.01500000000001
208.55	186.97
208.65	109.388
208.75	191.988
208.85	276.528
208.95	27.7815
209.05	50.60170000000001
209.15	105.226
209.25	150.123
209.35	164.37200000000004
209.45	179.213
209.54999999999998	166.802
209.65	94.266
209.75	128.422
209.85000000000002	123.85600000000001
209.95	44.724
210.04999999999998	281.562
210.15	232.28300000000002
210.25	196.89000000000001
210.35000000000002	235.001
210.45	49.028600000000004
210.54999999999998	109.357
210.65	122.047
210.75	100.67100000000002
210.85000000000002	36.688300000000005
210.95	96.87790000000001
211.04999999999998	93.01860000000002
211.15	56.5229
211.25	78.7382
211.35000000000002	107.914
211.45	194.114
211.54999999999998	301.9340000000001
211.65	341.024
211.75	192.326
211.85000000000002	203.939
211.95	210.691
212.04999999999998	44.4071
212.15	80.9989
212.25	122.74000000000001
212.35000000000002	42.8444
212.45	91.26610000000001
212.54999999999998	184.06800000000004
212.65	229.70000000000002
212.75	218.023
212.85000000000002	163.385
212.95	213.74100000000004
213.04999999999998	203.52100000000002
213.15	78.772
213.25	240.31300000000002
213.35000000000002	310.63800000000003
213.45	107.003
213.54999999999998	98.3289
213.65	91.10740000000001
213.75	81.7103
213.85000000000002	93.8409
213.95	108.56400000000001
214.04999999999998	295.53
214.15	208.81900000000002
214.25	18.2783
214.35000000000002	123.953
214.45	109.34400000000001
214.54999999999998	7.098450000000001
214.65	127.842
214.75	190.466
214.85000000000002	263.746
214.95	158.341
215.04999999999998	98.35960000000001
215.15	142.552
215.25	76.8342
215.35000000000002	18.461200000000005
215.45	55.3558
215.54999999999998	5.03654
215.65	145.635
215.75	99.4015
215.85	173.389
215.95000000000002	277.235
216.04999999999998	117.699
216.15	147.47900000000004
216.25	363.229
216.35	184.539
216.45000000000002	134.31800000000004
216.54999999999998	278.415
216.65	247.447
216.75	223.433
216.85	161.361
216.95000000000002	67.49390000000001
217.04999999999998	151.761
217.15	17.2187
217.25	134.68
217.35	296.112
217.45000000000002	211.62800000000001
217.54999999999998	179.556
217.65	138.721
217.75	110.666
217.85	99.49420000000002
217.95000000000002	131.885
218.04999999999998	177.084
218.15	187.633
218.25	120.923
218.35	96.10380000000002
218.45000000000002	69.48540000000001
218.54999999999998	96.05190000000002
218.65	93.27380000000001
218.75	96.23
218.85	132.635
218.95000000000002	88.6648
219.04999999999998	1.26388
219.15	86.252
219.25	141.5
219.35	233.752
219.45000000000002	135.579
219.54999999999998	123.994
219.65	197.845
219.75	117.923
219.85	81.8529
219.95000000000002	115.479
220.04999999999998	321.67
220.15	468.451
220.25	54.3811
220.35	3.54022
220.45000000000002	185.355
220.54999999999998	253.001
220.65	303.601
220.75	347.08
220.85	257.772
220.95000000000002	208.52
221.04999999999998	130.136
221.15	137.263
221.25	166.948
221.35	282.066
221.45000000000002	190.534
221.54999999999998	138.923
221.65	130.358
221.75	144.5
221.85	156.377
221.95000000000002	323.909
222.05	247.13400000000001
222.14999999999998	154.85
222.25	237.385
222.35	211.00900000000001
222.45000000000002	148.862
222.55	229.638
222.64999999999998	201.179
222.75	70.08140000000002
222.85	133.436
222.95000000000002	149.327
223.05	104.846
223.14999999999998	137.097
223.25	160.983
223.35	214.272
223.45000000000002	165.102
223.55	121.047
223.64999999999998	276.887
223.75	200.225
223.85	95.45440000000002
223.95000000000002	160.358
224.05	5.91641
224.14999999999998	51.879200000000004
224.25	136.408
224.35	193.197
224.45000000000002	300.39
224.55	256.121
224.64999999999998	230.53900000000002
224.75	194.95600000000002
224.85	212.505
224.95000000000002	220.256
225.05	148.884
225.14999999999998	217.868
225.25	285.518
225.35	173.884
225.45000000000002	245.137
225.55	354.943
225.64999999999998	10.370600000000001
225.75	11.789800000000001
225.85	134.881
225.95000000000002	341.77
226.05	364.657
226.14999999999998	222.475
226.25	204.532
226.35	190.995
226.45000000000002	157.34200000000004
226.55	225.898
226.64999999999998	277.847
226.75	331.4220000000001
226.85	212.948
226.95000000000002	85.236
227.05	101.71300000000001
227.14999999999998	133.114
227.25	181.215
227.35	224.053
227.45000000000002	182.185
227.55	59.764300000000006
227.64999999999998	70.6751
227.75	114.339
227.85	278.848
227.95000000000002	305.45
228.05	311.526
228.15	235.586
228.25	150.517
228.35	81.04960000000001
228.45	129.067
228.55	7.71358
228.65	36.850300000000004
228.75	49.8465
228.85	83.081
228.95	139.612
229.05	178.838
229.15	145.414
229.25	27.9385
229.35	122.10600000000001
229.45	135.212
229.55	18.073
229.65	101.224
229.75	152.84
229.85	166.289
229.95	124.441
230.05	86.77680000000001
230.15	99.51010000000001
230.25	94.8835
230.35	88.3952
230.45	89.6143
230.55	126.73
230.65	200.123
230.75	216.87
230.85	239.972
230.95	299.063
231.05	182.656
231.15	140.557
231.25	199.764
231.35	164.47900000000004
231.45	139.371
231.55	116.723
231.65	120.789
231.75	124.86200000000001
231.85	451.67
231.95	368.065
232.05	219.97400000000002
232.15	153.052
232.25	83.0137
232.35	274.301
232.45	126.154
232.55	196.281
232.65	250.925
232.75	439.12600000000003
232.85	512.66
232.95	345.99
233.05	413.497
233.15	471.26
233.25	788.1180000000002
233.35	918.886
233.45	1065.37
233.55	884.756
233.65	800.0740000000001
233.75	684.114
233.85	407.008
233.95	323.827
234.05	258.301
234.15	358.933
234.25	485.67
234.35	885.767
234.45	821.2860000000001
234.55	763.105
234.65	541.373
234.75	712.365
234.85	858.663
234.95	789.128
235.05	746.101
235.15	692.737
235.25	512.923
235.35	429.958
235.45	313.403
235.55	238.931
235.65	261.254
235.75	384.697
235.85	399.70300000000003
235.95	422.242
236.05	511.29
236.15	479.44
236.25	462.26300000000003
236.35	521.191
236.45	562.965
236.55	603.258
236.65	564.322
236.75	465.509
236.85	327.0710000000001
236.95	280.832
237.05	299.527
237.15	355.694
237.25	430.949
237.35	452.063
237.45	446.205
237.55	325.781
237.65	269.014
237.75	284.825
237.85	464.209
237.95	605.438
238.05	917.6170000000001
238.15	1154.81
238.25	1413.84
238.35	1485.15
238.45	1276.09
238.55	928.162
238.65	566.886
238.75	475.48400000000004
238.85	427.795
238.95	399.659
239.05	396.57300000000004
239.15	426.79
239.25	348.02500000000003
239.35	305.152
239.45	320.3450000000001
239.55	437.903
239.65	536.951
239.75	707.492
239.85	651.909
239.95	581.623
240.05	428.588
240.15	464.515
240.25	564.136
240.35	474.839
240.45	525.102
240.55	740.182
240.65	485.137
240.75	418.461
240.85000000000002	640.258
240.95	545.792
241.04999999999998	494.897
241.15	662.318
241.25	616.663
241.35000000000002	572.744
241.45	380.529
241.54999999999998	340.654
241.65	294.947
241.75	84.499
241.85000000000002	81.5862
241.95	147.027
242.04999999999998	87.8652
242.15	76.0445
242.25	98.03160000000001
242.35000000000002	159.576
242.45	204.948
242.54999999999998	313.923
242.65	117.057
242.75	99.72110000000002
242.85000000000002	4.63597
242.95	38.456900000000005
243.04999999999998	75.7538
243.15	122.953
243.25	89.0933
243.35000000000002	27.341900000000003
243.45	82.9105
243.54999999999998	93.02
243.65	89.7015
243.75	259.089
243.85000000000002	296.091
243.95	185.524
244.04999999999998	152.477
244.15	131.924
244.25	115.406
244.35000000000002	280.151
244.45	421.79200000000003
244.54999999999998	187.817
244.65	239.192
244.75	307.799
244.85000000000002	317.405
244.95	329.034
245.04999999999998	349.085
245.15	280.301
245.25	238.653
245.35000000000002	165.411
245.45	167.812
245.54999999999998	161.18800000000002
245.65	116.992
245.75	127.193
245.85000000000002	144.013
245.95	332.572
246.04999999999998	257.268
246.15	182.432
246.25	54.0037
246.35000000000002	85.8013
246.45	142.117
246.54999999999998	328.703
246.65	295.291
246.75	148.04
246.85000000000002	319.88800000000003
246.95	356.863
247.04999999999998	288.411
247.15	275.381
247.25	290.557
247.35	466.04200000000003
247.45000000000002	384.966
247.54999999999998	322.43
247.65	370.255
247.75	409.18600000000004
247.85	454.106
247.95000000000002	450.0
248.04999999999998	376.063
248.15	248.904
248.25	370.491
248.35	380.957
248.45000000000002	335.59
248.54999999999998	397.855
248.65	412.771
248.75	367.445
248.85	287.846
248.95000000000002	251.752
249.04999999999998	408.538
249.15	488.41200000000003
249.25	561.003
249.35	545.053
249.45000000000002	481.914
249.54999999999998	397.363
249.65	383.891
249.75	398.67900000000003
249.85	432.86400000000003
249.95000000000002	395.1960000000001
250.04999999999998	359.319
250.14999999999998	274.943
250.24999999999997	272.9820000000001
250.35000000000002	285.936
250.45000000000002	377.34
250.54999999999998	259.352
250.64999999999998	180.759
250.74999999999997	350.066
250.85000000000002	371.5350000000001
250.95000000000002	394.3690000000001
251.04999999999998	403.103
251.14999999999998	319.625
251.24999999999997	186.113
251.35000000000002	309.351
251.45000000000002	354.71
251.54999999999998	407.604
251.64999999999998	344.29900000000004
251.74999999999997	305.611
251.85000000000002	235.925
251.95000000000002	223.72
252.04999999999998	213.85
252.14999999999998	183.82400000000004
252.24999999999997	169.93800000000002
252.35000000000002	158.23
252.45000000000002	272.416
252.54999999999998	309.334
252.64999999999998	354.573
252.74999999999997	278.227
252.85000000000002	300.102
252.95000000000002	358.42400000000004
253.05	338.814
253.14999999999998	348.463
253.24999999999997	393.045
253.35000000000002	413.592
253.45000000000002	414.468
253.55	368.725
253.64999999999998	363.176
253.74999999999997	363.781
253.85000000000002	444.854
253.95000000000002	530.365
254.05	615.463
254.14999999999998	393.29900000000004
254.24999999999997	459.396
254.35000000000002	574.076
254.45000000000002	449.204
254.55	397.4820000000001
254.64999999999998	328.2080000000001
254.74999999999997	258.947
254.85000000000002	267.726
254.95000000000002	388.665
255.05	396.35
255.14999999999998	398.5470000000001
255.24999999999997	383.249
255.35000000000002	403.496
255.45000000000002	419.374
255.55	396.139
255.64999999999998	437.029
255.74999999999997	485.26300000000003
255.85000000000002	373.903
255.95000000000002	371.164
256.05	386.009
256.15	355.151
256.25	351.656
256.35	362.152
256.45	420.40000000000003
256.55	430.803
256.65	362.8980000000001
256.75	422.9940000000001
256.85	461.461
256.95	469.302
257.05	374.835
257.15	285.573
257.25	394.303
257.35	391.185
257.45	381.195
257.55	462.654
257.65	439.231
257.75	361.313
257.85	369.29
257.95	380.2200000000001
258.05	410.846
258.15	410.764
258.25	417.236
258.35	465.772
258.45	612.128
258.55	729.6710000000002
258.65	1065.36
258.75	859.492
258.85	627.088
258.95	580.972
259.05	516.04
259.15	412.568
259.25	443.418
259.35	452.147
259.45	457.528
259.55	651.5020000000001
259.65	804.552
259.75	1180.79
259.85	1996.65
259.95	2462.94
260.05	2106.59
260.15	1699.45
260.25	1328.78
260.35	644.553
260.45	596.428
260.55	556.071
260.65	928.996
260.75	976.788
260.85	964.912
260.95	994.566
261.05	1103.94
261.15	1450.03
261.25	1562.53
261.35	1564.45
261.45	1203.79
261.55	1068.86
261.65	977.039
261.75	1244.11
261.85	1397.53
261.95	1565.75
262.05	1351.06
262.15	1273.59
262.25	1173.62
262.35	1452.6300000000003
262.45	1599.96
262.55	1831.81
262.65	2045.99
262.75	2121.86
262.84999999999997	2103.13
262.95000000000005	2112.07
263.05	2143.1
263.15	2443.93
263.25	2135.95
263.34999999999997	1861.79
263.45000000000005	1159.27
263.55	1037.3800000000003
263.65	895.213
263.75	749.477
263.84999999999997	797.117
263.95000000000005	934.5260000000001
264.05	801.552
264.15	784.068
264.25	851.188
264.34999999999997	708.862
264.45000000000005	650.186
264.55	705.33
264.65	558.456
264.75	460.427
264.84999999999997	720.4010000000001
264.95000000000005	769.215
265.05	821.9780000000001
265.15	843.123
265.25	837.8000000000001
265.34999999999997	826.578
265.45000000000005	911.307
265.55	874.3530000000001
265.65	735.5220000000002
265.75	754.739
265.84999999999997	774.357
265.95000000000005	831.144
266.05	972.8100000000001
266.15	1046.03
266.25	936.534
266.34999999999997	910.5600000000001
266.45000000000005	887.616
266.55	797.567
266.65	900.731
266.75	1039.26
266.84999999999997	1438.34
266.95000000000005	1541.15
267.05	1639.96
267.15	1316.54
267.25	1145.32
267.34999999999997	877.1800000000001
267.45000000000005	713.37
267.55	641.066
267.65	671.071
267.75	924.922
267.84999999999997	1101.8500000000001
267.95000000000005	897.889
268.05	951.962
268.15	1010.44
268.25	1018.9
268.34999999999997	928.76
268.45000000000005	780.809
268.55	888.5600000000001
268.65	955.534
268.75	1071.05
268.84999999999997	955.5790000000001
268.95000000000005	961.251
269.05	1182.25
269.15	1000.39
269.25	913.514
269.34999999999997	1147.1400000000003
269.45000000000005	861.548
269.55	607.474
269.65	778.099
269.75	852.125
269.84999999999997	945.857
269.95000000000005	937.004
270.05	963.0120000000001
270.15	1018.7
270.25	1056.29
270.34999999999997	1073.6400000000003
270.45000000000005	1096.11
270.55	1045.67
270.65	1022.83
270.75	1030.73
270.84999999999997	964.677
270.95000000000005	916.136
271.05	910.503
271.15	892.5
271.25	872.735
271.34999999999997	1345.12
271.45000000000005	1337.8500000000001
271.55	1263.5
271.65	1051.03
271.75	943.356
271.84999999999997	778.067
271.95000000000005	745.638
272.05	734.795
272.15	741.635
272.25	934.999
272.34999999999997	1055.07
272.45000000000005	1102.37
272.55	1128.91
272.65	1153.05
272.75	1355.24
272.84999999999997	1316.97
272.95000000000005	1257.23
273.05	1352.32
273.15	1389.6300000000003
273.25	1438.91
273.34999999999997	1364.8900000000003
273.45000000000005	1302.77
273.55	1161.26
273.65	1096.8
273.75	1119.25
273.84999999999997	1513.58
273.95000000000005	1523.11
274.05	1529.44
274.15	1487.01
274.25	1382.93
274.34999999999997	1265.17
274.45000000000005	1538.67
274.55	1618.31
274.65	1713.44
274.75	1878.76
274.84999999999997	1957.74
274.95000000000005	2073.27
275.05	1812.39
275.15	1680.1000000000001
275.25	1533.72
275.34999999999997	1763.77
275.45	1890.98
275.55	1656.06
275.65000000000003	1607.5
275.75	1561.69
275.84999999999997	1347.57
275.95	1412.99
276.05	1517.09
276.15000000000003	1629.3900000000003
276.25	1577.92
276.34999999999997	1425.34
276.45	1364.21
276.55	1425.76
276.65000000000003	1727.0900000000001
276.75	1795.76
276.84999999999997	1835.8
276.95	1874.27
277.05	1885.53
277.15000000000003	1894.14
277.25	1863.94
277.34999999999997	1842.33
277.45	1816.76
277.55	1931.8600000000001
277.65000000000003	1904.44
277.75	1833.8
277.84999999999997	1849.5
277.95	1833.8700000000001
278.05	1777.29
278.15000000000003	1737.3
278.25	1754.78
278.34999999999997	1942.93
278.45	1869.38
278.55	1821.99
278.65000000000003	1839.8600000000001
278.75	1945.3
278.84999999999997	2049.97
278.95	2278.65
279.05	2509.2800000000007
279.15000000000003	2837.14
279.25	5332.24
279.34999999999997	9331.21
279.45	17678.7
279.55	26304.0
279.65000000000003	26984.2
279.75	17929.100000000002
279.84999999999997	12134.2
279.95	8835.040000000003
280.05	7604.4400000000005
280.15000000000003	12965.6
280.25	17444.0
280.34999999999997	19786.7
280.45	15600.0
280.55	10322.7
280.65000000000003	5036.400000000001
280.75	3752.02
280.84999999999997	2505.13
280.95	2351.07
281.05	2153.13
281.15000000000003	1654.92
281.25	1576.94
281.34999999999997	1576.8800000000003
281.45	1796.39
281.55	1729.33
281.65000000000003	1682.03
281.75	1678.3400000000001
281.84999999999997	1644.22
281.95	1608.04
282.05	1824.04
282.15000000000003	1805.0
282.25	1750.0
282.34999999999997	1947.76
282.45	1950.27
282.55	1855.18
282.65000000000003	1775.3500000000001
282.75	1761.63
282.84999999999997	1833.4
282.95	1684.44
283.05	1582.6100000000001
283.15000000000003	1418.06
283.25	1537.05
283.34999999999997	1643.98
283.45	1809.71
283.55	1740.05
283.65000000000003	1640.0900000000001
283.75	1781.66
283.84999999999997	1788.93
283.95	1761.19
284.05	1643.27
284.15000000000003	1637.23
284.25	1739.25
284.34999999999997	1681.72
284.45	1624.6300000000003
284.55	1411.01
284.65000000000003	1260.61
284.75	1142.01
284.84999999999997	906.51
284.95	911.488
285.05	917.212
285.15000000000003	907.933
285.25	976.24
285.34999999999997	1097.69
285.45	947.78
285.55	894.654
285.65000000000003	842.5450000000001
285.75	1048.87
285.84999999999997	1183.74
285.95	1451.6300000000003
286.05	1466.74
286.15000000000003	1487.34
286.25	1669.81
286.34999999999997	1610.25
286.45	1551.83
286.55	2050.7
286.65000000000003	1994.25
286.75	1874.44
286.84999999999997	2327.96
286.95	2352.84
287.05	2226.0100000000007
287.15000000000003	2116.82
287.25	2061.81
287.35	1987.15
287.45	2097.15
287.54999999999995	2152.4
287.65000000000003	2105.27
287.75	2151.25
287.85	2189.83
287.95	2611.41
288.04999999999995	2666.7600000000007
288.15000000000003	2732.83
288.25	2699.68
288.35	2683.2600000000007
288.45	2659.19
288.54999999999995	2829.27
288.65000000000003	2896.09
288.75	2963.72
288.85	2989.47
288.95	2994.74
289.04999999999995	2951.94
289.15000000000003	2949.52
289.25	2951.64
289.35	3073.54
289.45	2945.04
289.54999999999995	2805.4500000000003
289.65000000000003	3182.02
289.75	3202.1800000000003
289.85	3187.12
289.95	2999.5100000000007
290.04999999999995	2916.69
290.15000000000003	2802.43
290.25	2822.8
290.35	2918.38
290.45	3344.0
290.54999999999995	3342.41
290.65000000000003	3311.61
290.75	2903.33
290.85	3025.4500000000003
290.95	3139.7200000000003
291.04999999999995	2933.59
291.15000000000003	3070.7000000000003
291.25	3275.55
291.35	3302.21
291.45	3291.83
291.54999999999995	3259.37
291.65000000000003	3468.9900000000002
291.75	3532.36
291.85	3520.57
291.95	3425.56
292.04999999999995	3409.75
292.15000000000003	3700.12
292.25	3613.67
292.35	3543.21
292.45	3154.75
292.54999999999995	3225.2800000000007
292.65000000000003	3311.46
292.75	3587.59
292.85	3478.89
292.95	3215.62
293.04999999999995	3117.81
293.15000000000003	3135.29
293.25	3267.57
293.35	3230.5300000000007
293.45	3206.44
293.54999999999995	3159.88
293.65000000000003	3048.71
293.75	2974.66
293.85	3065.8
293.95	3032.06
294.04999999999995	2996.33
294.15000000000003	2886.37
294.25	2847.85
294.35	2798.19
294.45	2744.14
294.54999999999995	2811.11
294.65000000000003	3012.52
294.75	2894.54
294.85	2868.2800000000007
294.95	2952.43
295.04999999999995	2963.57
295.15000000000003	2975.12
295.25	3037.02
295.35	2906.22
295.45	2785.79
295.54999999999995	2676.22
295.65000000000003	2758.85
295.75	2879.21
295.85	2741.3
295.95	2694.32
296.04999999999995	2638.4500000000003
296.15000000000003	2908.5100000000007
296.25	2969.34
296.35	2880.8
296.45	2539.7600000000007
296.54999999999995	2354.11
296.65000000000003	2281.38
296.75	2390.87
296.85	2478.12
296.95	2269.5100000000007
297.04999999999995	2631.9
297.15000000000003	3072.79
297.25	2909.52
297.35	2848.4
297.45	2767.94
297.54999999999995	3295.77
297.65000000000003	3482.17
297.75	3639.87
297.85	3860.0
297.95	3840.2000000000003
298.04999999999995	3116.83
298.15000000000003	3044.62
298.25	2985.46
298.35	2756.69
298.45	2917.9500000000003
298.54999999999995	3089.61
298.65000000000003	3096.82
298.75	3295.7200000000003
298.85	3618.61
298.95	3887.31
299.04999999999995	3842.9300000000003
299.15000000000003	3581.63
299.25	3193.2200000000003
299.35	3091.4500000000003
299.45	3310.46
299.54999999999995	3611.28
299.65000000000003	3770.46
299.75	3438.4
299.85	3350.81
299.95	3268.9300000000003
300.05	2906.37
300.15	3050.07
300.25	3273.2000000000003
300.35	3750.98
300.45	3925.81
300.55	4144.26
300.65	3455.5
300.75	3261.42
300.85	3367.17
300.95	4042.84
301.05	4367.16
301.15	4053.13
301.25	3841.14
301.35	3666.7200000000003
301.45	2997.4500000000003
301.55	3295.64
301.65	3671.28
301.75	3279.2200000000003
301.85	3066.73
301.95	2746.42
302.05	2318.4500000000003
302.15	2220.97
302.25	2277.86
302.35	2579.0100000000007
302.45	2789.06
302.55	3255.96
302.65	3157.89
302.75	3089.49
302.85	3186.21
302.95	3309.46
303.05	3445.53
303.15	4109.98
303.25	4029.25
303.35	3798.44
303.45	3700.38
303.55	3560.2200000000003
303.65	3234.2000000000003
303.75	3308.62
303.85	3250.15
303.95	2793.92
304.05	3137.34
304.15	3362.32
304.25	3448.61
304.35	3464.9500000000003
304.45	3480.9500000000003
304.55	3412.9700000000003
304.65	3166.21
304.75	2802.35
304.85	3566.3
304.95	3685.2400000000002
305.05	3643.85
305.15	4061.96
305.25	4150.7
305.35	3918.03
305.45	4187.49
305.55	4308.85
305.65	3987.31
305.75	4018.61
305.85	4045.85
305.95	4176.58
306.05	4380.03
306.15	4646.63
306.25	4268.55
306.35	4176.7
306.45	4095.52
306.55	4143.11
306.65	3998.84
306.75	3439.29
306.85	3241.88
306.95	3231.0100000000007
307.05	3897.75
307.15	4264.36
307.25	4549.88
307.35	4663.64
307.45	4938.36
307.55	5262.94
307.65	6018.85
307.75	5746.6
307.85	5105.13
307.95	4972.99
308.05	4764.6
308.15	4233.810000000001
308.25	4200.310000000001
308.35	4350.46
308.45	5333.34
308.55	5511.32
308.65	5649.98
308.75	6037.13
308.85	5816.36
308.95	5582.93
309.05	5092.32
309.15	4641.29
309.25	3965.2200000000003
309.35	4469.35
309.45	4790.76
309.55	5360.35
309.65	5331.8
309.75	5235.05
309.85	4818.21
309.95	4523.770000000001
310.05	4420.23
310.15	5536.57
310.25	5569.150000000001
310.35	5600.09
310.45	5996.03
310.55	6012.73
310.65	6013.25
310.75	7208.35
310.85	7244.74
310.95	6861.62
311.05	7238.85
311.15	7294.21
311.25	7007.07
311.35	6573.92
311.45	6328.860000000001
311.55	6268.35
311.65	6284.92
311.75	6299.09
311.85	6096.18
311.95	6134.150000000001
312.05	6187.38
312.15	5124.97
312.25	4938.24
312.35	4849.74
312.45	5371.59
312.55	5485.19
312.65	5354.7
312.75	6181.17
312.85	6544.95
312.95	6220.2300000000005
313.05	6589.16
313.15	6872.89
313.25	6802.7300000000005
313.35	7241.650000000001
313.45	7759.02
313.55	7670.53
313.65	7329.24
313.75	6721.51
313.85	7444.78
313.95	7699.87
314.05	7927.31
314.15	7019.28
314.25	6760.7300000000005
314.35	7606.9800000000005
314.45	7291.01
314.55	7068.12
314.65	8450.39
314.75	7196.55
314.85	6252.24
314.95	5724.04
315.05	9686.78
315.15	8610.59
315.25	6290.87
315.35	6630.97
315.45	9370.46
315.55	9666.2
315.65	7918.7300000000005
315.75	7774.03
315.85	8556.22
315.95	8445.67
316.05	5773.84
316.15	26139.0
316.25	34841.2
316.35	34841.2
316.45	6632.85
316.55	13589.800000000001
316.65	14017.2
316.75	41218.0
316.85	44670.700000000004
316.95	35318.3
317.05	15286.1
317.15	15216.4
317.25	15587.7
317.35	15523.9
317.45	14606.1
317.55	18214.2
317.65	29035.9
317.75	29035.9
317.85	13181.4
317.95	11547.0
318.05	4381.64
318.15	33564.7
318.25	33564.7
318.35	16484.8
318.45	15632.2
318.55	16937.6
318.65	7376.9400000000005
318.75	11981.0
318.85	11981.0
318.95	11040.6
319.05	11002.4
319.15	17144.5
319.25	38917.8
319.35	38917.8
319.45	26108.5
319.55	11541.5
319.65	11541.5
319.75	2924.07
319.85	12418.6
319.95	11819.5
320.05	24090.7
320.15	24722.4
320.25	18438.7
320.35	7914.25
320.45	6349.08
320.55	6815.860000000001
320.65	8011.0
320.75	8821.88
320.85	9671.53
320.95	10667.4
321.05	11013.1
321.15	9942.040000000003
321.25	8841.38
321.35	7614.27
321.45	35444.200000000004
321.55	35444.200000000004
321.65	27759.100000000002
321.75	19917.0
321.85	19917.0
321.95	6914.88
322.05	2669.02
322.15	2709.17
322.25	29154.2
322.35	29154.2
322.45	27373.0
322.55	22313.3
322.65	22313.3
322.75	16850.5
322.85	11560.2
322.95	11560.2
323.05	10883.2
323.15	10677.300000000001
323.25	10735.0
323.35	14669.5
323.45	14669.5
323.55	7357.42
323.65	15149.7
323.75	15036.6
323.85	10602.4
323.95	31484.4
324.05	31484.4
324.15	27941.5
324.25	26939.600000000002
324.35	26437.9
324.45	8413.59
324.55	8413.59
324.65	20051.2
324.75	49134.0
324.85	49134.0
324.95	26708.4
325.05	7082.76
325.15	7082.76
325.25	6409.07
325.34999999999997	6232.110000000001
325.45000000000005	6437.9800000000005
325.55	11452.7
325.65	11452.7
325.75	13280.9
325.84999999999997	17586.100000000002
325.95000000000005	17586.100000000002
326.05	5975.3
326.15	14547.7
326.25	15112.800000000001
326.34999999999997	27055.0
326.45000000000005	34547.0
326.55	34278.7
326.65	29337.9
326.75	29337.9
326.84999999999997	21940.600000000002
326.95000000000005	5481.11
327.05	5481.11
327.15	18383.2
327.25	28626.8
327.34999999999997	28626.8
327.45000000000005	27725.0
327.55	27521.600000000002
327.65	27333.600000000002
327.75	24550.7
327.84999999999997	24550.7
327.95000000000005	22327.2
328.05	17640.8
328.15	17640.8
328.25	13291.0
328.34999999999997	9997.26
328.45000000000005	9997.26
328.55	19014.100000000002
328.65	20893.0
328.75	21123.600000000002
328.84999999999997	23975.600000000002
328.95000000000005	23975.600000000002
329.05	23863.5
329.15	23639.3
329.25	23639.3
329.34999999999997	28426.5
329.45000000000005	31886.5
329.55	31886.5
329.65	36656.8
329.75	37573.1
329.84999999999997	36712.0
329.95000000000005	27566.600000000002
330.05	27566.600000000002
330.15	37126.1
330.25	55321.8
330.34999999999997	55321.8
330.45000000000005	46543.3
330.55	40482.6
330.65	40482.6
330.75	17391.1
330.84999999999997	13313.2
330.95000000000005	16078.1
331.05	41808.1
331.15	41808.1
331.25	36635.6
331.34999999999997	27251.2
331.45000000000005	27251.2
331.55	10200.7
331.65	24155.0
331.75	22920.0
331.84999999999997	24265.7
331.95000000000005	28363.600000000002
332.05	27715.7
332.15	22351.0
332.25	22351.0
332.34999999999997	25256.100000000002
332.45000000000005	30288.7
332.55	30288.7
332.65	15783.4
332.75	6626.24
332.84999999999997	6626.24
332.95000000000005	30377.4
333.05	33888.4
333.15	32489.3
333.25	22052.100000000002
333.34999999999997	22052.100000000002
333.45000000000005	25232.8
333.55	30503.0
333.65	30503.0
333.75	31007.9
333.84999999999997	31313.100000000002
333.95000000000005	31313.100000000002
334.05	257.381
334.15	25181.2
334.25	688.853
334.34999999999997	31958.8
334.45000000000005	31958.8
334.55	33717.0
334.65	36507.6
334.75	36507.6
334.84999999999997	28339.100000000002
334.95000000000005	23611.7
335.05	23611.7
335.15	59311.4
335.25	63656.3
335.34999999999997	61841.3
335.45000000000005	50538.700000000004
335.55	50538.700000000004
335.65	41888.0
335.75	28716.3
335.84999999999997	28716.3
335.95000000000005	22534.5
336.05	19106.100000000002
336.15	19106.100000000002
336.25	33852.8
336.34999999999997	35468.200000000004
336.45000000000005	35716.200000000004
336.55	37142.6
336.65	37142.6
336.75	35477.700000000004
336.84999999999997	33042.5
336.95000000000005	33042.5
337.05	34538.0
337.15	35333.3
337.25	35333.3
337.34999999999997	39578.9
337.45000000000005	39994.700000000004
337.55	39057.9
337.65	34048.0
337.75	34048.0
337.84999999999997	23257.2
337.95	8075.5
338.05	8075.5
338.15000000000003	23576.100000000002
338.25	31483.7
338.34999999999997	31483.7
338.45	26357.9
338.55	25912.7
338.65000000000003	30120.9
338.75	51146.1
338.84999999999997	51146.1
338.95	57739.0
339.05	66671.8
339.15000000000003	66671.8
339.25	32979.9
339.34999999999997	16482.8
339.45	16482.8
339.55	45738.0
339.65000000000003	47969.1
339.75	48520.4
339.84999999999997	51105.6
339.95	51105.6
340.05	53073.9
340.15000000000003	55645.200000000004
340.25	55645.200000000004
340.34999999999997	38893.3
340.45	31016.600000000002
340.55	31016.600000000002
340.65000000000003	47059.4
340.75	48120.5
340.84999999999997	45521.5
340.95	34036.5
341.05	34036.5
341.15000000000003	35060.5
341.25	36351.700000000004
341.34999999999997	36351.700000000004
341.45	43372.5
341.55	46543.9
341.65000000000003	46543.9
341.75	53178.200000000004
341.84999999999997	53552.8
341.95	53018.0
342.05	50783.3
342.15000000000003	50783.3
342.25	49649.9
342.34999999999997	48269.1
342.45	48269.1
342.55	36821.1
342.65000000000003	31850.8
342.75	31850.8
342.84999999999997	57996.8
342.95	59230.6
343.05	57251.700000000004
343.15000000000003	49404.9
343.25	49404.9
343.34999999999997	42444.1
343.45	34241.2
343.55	34241.2
343.65000000000003	38167.200000000004
343.75	39806.1
343.84999999999997	39806.1
343.95	35050.9
344.05	34868.7
344.15000000000003	33190.1
344.25	26856.600000000002
344.34999999999997	26856.600000000002
344.45	27987.2
344.55	29277.100000000002
344.65000000000003	29277.100000000002
344.75	47607.5
344.84999999999997	54968.700000000004
344.95	54968.700000000004
345.05	44849.6
345.15000000000003	44547.8
345.25	47841.3
345.34999999999997	59697.3
345.45	59697.3
345.55	48493.5
345.65000000000003	36107.0
345.75	36107.0
345.84999999999997	50715.700000000004
345.95	56361.3
346.05	56361.3
346.15000000000003	48447.1
346.25	48275.5
346.34999999999997	45773.5
346.45	37159.6
346.55	37159.6
346.65000000000003	48925.9
346.75	61542.5
346.84999999999997	61542.5
346.95	46206.3
347.05	40500.6
347.15000000000003	40500.6
347.25	21428.0
347.34999999999997	21163.100000000002
347.45	20568.5
347.55	18606.2
347.65000000000003	18606.2
347.75	45333.9
347.84999999999997	73153.6
347.95	73153.6
348.05	71530.6
348.15000000000003	70949.1
348.25	70949.1
348.34999999999997	71672.8
348.45	71677.40000000001
348.55	66661.6
348.65000000000003	50763.4
348.75	50763.4
348.84999999999997	46941.3
348.95	43076.4
349.05	43076.4
349.15000000000003	36191.700000000004
349.25	33815.2
349.34999999999997	33811.5
349.45	28952.600000000002
349.55	28952.600000000002
349.65000000000003	33390.8
349.75	46927.3
349.85	46927.3
349.95	57539.1
350.04999999999995	67972.1
350.15000000000003	67972.1
350.25	71217.0
350.35	72296.40000000001
350.45	72125.0
350.54999999999995	50016.200000000004
350.65000000000003	50016.200000000004
350.75	47680.0
350.85	40811.3
350.95	40811.3
351.04999999999995	45746.0
351.15000000000003	50466.5
351.25	50466.5
351.35	62177.1
351.45	65932.7
351.54999999999995	65789.8
351.65000000000003	56033.1
351.75	56033.1
351.85	55713.1
351.95	54804.8
352.04999999999995	54804.8
352.15000000000003	51957.3
352.25	49304.9
352.35	49304.9
352.45	38020.6
352.54999999999995	34530.6
352.65000000000003	35070.3
352.75	60227.5
352.85	60227.5
352.95	59653.9
353.04999999999995	58079.5
353.15000000000003	58079.5
353.25	63343.6
353.35	68121.4
353.45	68121.4
353.54999999999995	84134.8
353.65000000000003	88912.40000000001
353.75	89352.7
353.85	104992.0
353.95	104992.0
354.04999999999995	101598.0
354.15000000000003	92575.8
354.25	92575.8
354.35	97380.2
354.45	101632.0
354.54999999999995	101632.0
354.65000000000003	85511.7
354.75	80870.6
354.85	80744.1
354.95	77104.40000000001
355.04999999999995	77104.40000000001
355.15000000000003	75324.1
355.25	70735.0
355.35	70735.0
355.45	66778.6
355.54999999999995	63362.200000000004
355.65000000000003	63362.200000000004
355.75	66384.3
355.85	67224.2
355.95	67321.4
356.04999999999995	69676.9
356.15000000000003	69676.9
356.25	61070.4
356.35	39531.5
356.45	39531.5
356.54999999999995	33628.8
356.65000000000003	28652.3
356.75	28652.3
356.85	37845.5
356.95	40312.4
357.04999999999995	40878.1
357.15000000000003	52753.200000000004
357.25	52753.200000000004
357.35	53018.8
357.45	53664.9
357.54999999999995	53664.9
357.65000000000003	49728.6
357.75	46486.4
357.85	46486.4
357.95	36109.5
358.04999999999995	33420.0
358.15000000000003	34098.0
358.25	46668.1
358.35	46668.1
358.45	44886.1
358.54999999999995	40667.8
358.65000000000003	40667.8
358.75	53738.700000000004
358.85	64263.0
358.95	64263.0
359.04999999999995	48611.9
359.15000000000003	44692.9
359.25	44878.200000000004
359.35	47960.3
359.45	47960.3
359.54999999999995	56208.4
359.65000000000003	75229.1
359.75	75229.1
359.85	72857.40000000001
359.95	70989.6
360.04999999999995	70989.6
360.15000000000003	61135.6
360.25	58751.1
360.35	58129.5
360.45	48739.700000000004
360.54999999999995	48739.700000000004
360.65000000000003	46701.200000000004
360.75	42117.4
360.85	42117.4
360.95	50514.1
361.04999999999995	56986.0
361.15000000000003	56986.0
361.25	64823.6
361.35	66656.8
361.45	65061.0
361.54999999999995	42952.0
361.65000000000003	42952.0
361.75	46002.6
361.85	52698.1
361.95	52698.1
362.04999999999995	51722.5
362.15000000000003	50986.200000000004
362.25	50986.200000000004
362.35	63201.200000000004
362.45	65963.9
362.55	66612.6
362.65	74923.5
362.75	74923.5
362.85	74637.6
362.95	74024.40000000001
363.05	74024.40000000001
363.15	63360.6
363.25	55475.0
363.35	55475.0
363.45	52461.9
363.55	51802.9
363.65	52644.700000000004
363.75	62687.700000000004
363.85	62687.700000000004
363.95	67150.8
364.05	76507.5
364.15	76507.5
364.25	62893.5
364.35	53025.0
364.45	53025.0
364.55	58127.6
364.65	59207.3
364.75	59333.9
364.85	60748.6
364.95	60748.6
365.05	61246.200000000004
365.15	62266.9
365.25	62266.9
365.35	64838.6
365.45	66666.8
365.55	66666.8
365.65	73194.40000000001
365.75	74530.90000000001
365.85	74039.7
365.95	68870.5
366.05	68870.5
366.15	68322.2
366.25	67220.7
366.35	67220.7
366.45	71579.7
366.55	74620.40000000001
366.65	74620.40000000001
366.75	73440.2
366.85	73206.3
366.95	71874.1
367.05	58618.200000000004
367.15	58618.200000000004
367.25	58598.5
367.35	58559.700000000004
367.45	58559.700000000004
367.55	70416.0
367.65	78535.3
367.75	78535.3
367.85	60413.200000000004
367.95	56936.6
368.05	57316.700000000004
368.15	60908.0
368.25	60908.0
368.35	65311.9
368.45	73814.7
368.55	73814.7
368.65	69157.2
368.75	66024.6
368.85	66024.6
368.95	80943.6
369.05	83714.90000000001
369.15	83851.1
369.25	85077.1
369.35	85077.1
369.45	83288.40000000001
369.55	79899.3
369.65	79899.3
369.75	82644.2
369.85	84458.1
369.95	84458.1
370.05	68895.1
370.15	66095.4
370.25	64512.3
370.35	50896.4
370.45	50896.4
370.55	46720.6
370.65	38951.3
370.75	38951.3
370.85	55077.8
370.95	65554.2
371.05	65554.2
371.15	62063.200000000004
371.25	61454.9
371.35	63455.1
371.45	79940.40000000001
371.55	79940.40000000001
371.65	71854.8
371.75	57073.700000000004
371.85	57073.700000000004
371.95	42897.3
372.05	33840.6
372.15	33840.6
372.25	48666.700000000004
372.35	51169.6
372.45	50632.6
372.55	46380.3
372.65	46380.3
372.75	48688.9
372.85	52838.0
372.95	52838.0
373.05	52741.700000000004
373.15	52681.200000000004
373.25	52681.200000000004
373.35	28337.4
373.45	24355.3
373.55	25990.100000000002
373.65	38453.1
373.75	38453.1
373.85	40096.200000000004
373.95	43000.9
374.05	43000.9
374.15	54564.5
374.25	61717.200000000004
374.35	61717.200000000004
374.45	37376.8
374.55	33518.2
374.65	33501.6
374.75	33379.5
374.85	33379.5
374.95	36578.6
375.05	42144.3
375.15	42144.3
375.25	57572.5
375.35	66968.1
375.45	66968.1
375.55	68810.6
375.65	69093.6
375.75	69501.2
375.85	72399.0
375.95	72399.0
376.05	72353.6
376.15	72275.90000000001
376.25	72275.90000000001
376.35	67032.3
376.45	63887.200000000004
376.55	63887.200000000004
376.65	79156.5
376.75	81430.8
376.85	84023.5
376.95	101872.0
377.05	101872.0
377.15	98708.0
377.25	93368.3
377.35	93368.3
377.45	79720.40000000001
377.55	71655.6
377.65	71655.6
377.75	107874.0
377.85	113104.0
377.95	110888.0
378.05	96098.1
378.15	96098.1
378.25	95592.8
378.35	94752.5
378.45	94752.5
378.55	77774.40000000001
378.65	67886.8
378.75	67886.8
378.85	70047.6
378.95	70350.1
379.05	74009.2
379.15	97733.2
379.25	97733.2
379.35	87242.2
379.45	70042.0
379.55	70042.0
379.65	73228.7
379.75	75058.3
379.85	75058.3
379.95	74557.1
380.05	74489.1
380.15	75393.7
380.25	81096.90000000001
380.35	81096.90000000001
380.45	82775.8
380.55	85490.8
380.65	85490.8
380.75	88354.2
380.85	89975.3
380.95	89975.3
381.05	84125.90000000001
381.15	83356.1
381.25	78704.6
381.35	50152.8
381.45	50152.8
381.55	55261.1
381.65	63411.5
381.75	63411.5
381.85	50370.0
381.95	43086.9
382.05	43086.9
382.15	59846.8
382.25	61985.3
382.35	59036.700000000004
382.45	41396.200000000004
382.55	41396.200000000004
382.65	47434.200000000004
382.75	56942.700000000004
382.85	56942.700000000004
382.95	66224.5
383.05	71338.8
383.15	71338.8
383.25	75245.90000000001
383.35	75729.2
383.45	75141.90000000001
383.55	71713.7
383.65	71713.7
383.75	69855.4
383.85	66966.0
383.95	66966.0
384.05	75600.3
384.15	80295.5
384.25	80295.5
384.35	89089.3
384.45	90144.0
384.55	89856.3
384.65	88215.8
384.75	88215.8
384.85	87800.1
384.95	87161.6
385.05	87161.6
385.15	70920.2
385.25	62202.1
385.35	62202.1
385.45	66710.7
385.55	67235.0
385.65	64015.9
385.75	46080.0
385.85	46080.0
385.95	55159.5
386.05	68933.8
386.15	68933.8
386.25	74314.0
386.35	77165.5
386.45	77165.5
386.55	97011.3
386.65	99247.8
386.75	96942.40000000001
386.85	84376.6
386.95	84376.6
387.05	81198.8
387.15	76434.90000000001
387.25	76434.90000000001
387.35	75855.6
387.45	75552.5
387.55	75552.5
387.65	66747.2
387.75	65785.6
387.84999999999997	65913.4
387.95000000000005	66595.3
388.05	66595.3
388.15	74030.0
388.25	85046.5
388.34999999999997	85046.5
388.45000000000005	72242.6
388.55	65623.9
388.65	65623.9
388.75	78351.2
388.84999999999997	79697.8
388.95000000000005	80762.2
389.05	86325.6
389.15	86325.6
389.25	90472.7
389.34999999999997	96548.0
389.45000000000005	96548.0
389.55	86439.0
389.65	81276.90000000001
389.75	81276.90000000001
389.84999999999997	81033.0
389.95000000000005	81008.0
390.05	82303.0
390.15	88937.7
390.25	88937.7
390.34999999999997	92450.90000000001
390.45000000000005	97540.3
390.55	97540.3
390.65	90539.3
390.75	87007.0
390.84999999999997	87007.0
390.95000000000005	105128.0
391.05	106927.0
391.15	107311.0
391.25	109245.0
391.34999999999997	109245.0
391.45000000000005	105326.0
391.55	99710.3
391.65	99710.3
391.75	96174.6
391.84999999999997	94411.90000000001
391.95000000000005	94411.90000000001
392.05	73021.8
392.15	70967.6
392.25	73583.1
392.34999999999997	86478.1
392.45000000000005	86478.1
392.55	83700.1
392.65	79763.0
392.75	79763.0
392.84999999999997	65754.9
392.95000000000005	58853.6
393.05	58853.6
393.15	65387.1
393.25	65994.1
393.34999999999997	67163.5
393.45000000000005	72823.1
393.55	72823.1
393.65	75989.1
393.75	80428.3
393.84999999999997	80428.3
393.95000000000005	81192.5
394.05	81564.7
394.15	81564.7
394.25	73310.3
394.34999999999997	72568.90000000001
394.45000000000005	74341.3
394.55	82766.0
394.65	82766.0
394.75	90925.1
394.84999999999997	102245.0
394.95000000000005	102245.0
395.05	113295.0
395.15	118613.0
395.25	118613.0
395.34999999999997	110716.0
395.45000000000005	110030.0
395.55	106546.0
395.65	90273.0
395.75	90273.0
395.84999999999997	83551.40000000001
395.95000000000005	74322.7
396.05	74322.7
396.15	69062.7
396.25	66560.5
396.34999999999997	66560.5
396.45000000000005	66253.2
396.55	66227.4
396.65	66521.0
396.75	67868.3
396.84999999999997	67868.3
396.95000000000005	73714.3
397.05	81658.1
397.15	81658.1
397.25	90637.1
397.34999999999997	94859.3
397.45000000000005	94859.3
397.55	131472.0
397.65	134433.0
397.75	133368.0
397.84999999999997	128565.0
397.95000000000005	128565.0
398.05	132361.0
398.15	137467.0
398.25	137467.0
398.34999999999997	140549.0
398.45000000000005	141982.0
398.55	141982.0
398.65	143526.0
398.75	143646.0
398.84999999999997	143968.0
398.95000000000005	145396.0
399.05	145396.0
399.15	151953.0
399.25	160681.0
399.34999999999997	160681.0
399.45000000000005	150166.0
399.55	145335.0
399.65	145335.0
399.75	149377.0
399.84999999999997	149680.0
399.95000000000005	148397.0
